# t = 145
#    ID  pass	  U           V
145    0  1     0.51748    0.68355
145    1  1     0.47574    0.73106
145    2  1     0.43901    0.69792
145    3  1     0.51764    0.74197
145    4  1     0.34362    0.76525
145    5  1     0.32368    0.76052
145    6  1     0.30540    0.77585
145    7  1     0.30087    0.76534
145    8  1     0.29469    0.81307
145    9  1     0.26117    0.79792
145   10  1     0.25352    0.76032
145   11  1     0.10050    0.84796
145   12  1     0.20164    0.78424
145   13  1     0.25846    0.81028
145   14  1     0.40533    0.70408
145   15  1     0.60395    0.67062
145   16  1     0.65736    0.66096
145   17  1     0.67734    0.62522
145   18  1     0.80962    0.59808
145   19  1     0.57825    0.71401
145   20  1     0.76340    0.58264
145   21  1     0.66473    0.67689
145   22  1     0.73228    0.60878
145   23  1     0.54152    0.65905
145   24  1     0.39921    0.72414
145   25  1     0.24427    0.83833

