   10.0000         0         1  0.816613  0.626325 0
   10.0000         1         1  0.775986  0.673194 0
   10.0000         2         1  0.738700  0.640581 0
   10.0000         3         1  0.816786  0.684345 0
   10.0000         4         1  0.642510  0.704913 0
   10.0000         5         1  0.624215  0.702171 0
   10.0000         6         1  0.608616  0.715317 0
   10.0000         7         1  0.603377  0.705310 0
   10.0000         8         1  0.595718  0.752323 0
   10.0000         9         1  0.563451  0.737415 0
   10.0000        10         1  0.554922  0.699007 0
   10.0000        11         1  0.405063  0.783535 0
   10.0000        12         1  0.502308  0.722773 0
   10.0000        13         1  0.559823  0.749499 0
   10.0000        14         1  0.702948  0.644713 0
   10.0000        15         1  0.904954  0.613953 0
   10.0000        16         1  0.959944  0.604713 0
   10.0000        17         1  0.979618  0.568296 0
   10.0000        18         1   1.11651  0.542187 0
   10.0000        19         1  0.877573  0.657439 0
   10.0000        20         1   1.06880  0.526119 0

