   0.00000         0         0  -46978.9   650.452  -31.0505
   0.00000         1         0  -47013.2   595.279  -29.6569
   0.00000         2         0  -46970.8   568.943  -33.5924
   0.00000         3         0  -47035.6   631.862  -29.2658
   0.00000         4         0  -47009.4   455.116  -28.3684
   0.00000         5         0  -46999.1   437.886  -28.5551
   0.00000         6         0  -47008.7   416.664  -25.3745
   0.00000         7         0  -46997.4   416.541  -21.0521
   0.00000         8         0  -47040.1   395.255  -19.4822
   0.00000         9         0  -47017.0   367.537  -24.7334
   0.00000        10         0  -46977.7   371.779  -21.6353
   0.00000        11         0  -47018.8   196.761  -38.4553
   0.00000        12         0  -46986.5   311.044  -39.3942
   0.00000        13         0  -47027.2   361.000  -19.9181
   0.00000        14         0  -46966.3   532.818  -39.9436
   0.00000        15         0  -46990.6   739.412  -35.2688
   0.00000        16         0  -46995.8   795.402  -30.2827
   0.00000        17         0  -46968.6   825.645  -36.0371
   0.00000        18         0  -46979.4   961.937  -39.6592
   0.00000        19         0  -47026.1   698.915  -38.4667
   0.00000        20         0  -46949.3   924.894  -40.1594

