
   200.0000         0         0  0.816613  0.626325
   200.0000         1         0  0.775986  0.673194
   200.0000         2         0  0.738700  0.640581
   200.0000         3         0  0.816786  0.684345
   200.0000         4         0  0.642510  0.704913
   200.0000         5         0  0.624215  0.702171
   200.0000         6         0  0.608616  0.715317
   200.0000         7         0  0.603377  0.705310
   200.0000         8         0  0.595718  0.752323
   200.0000         9         0  0.563451  0.737415
   200.0000        10         0  0.554922  0.699007
   200.0000        11         0  0.405063  0.783535
   200.0000        12         0  0.502308  0.722773
   200.0000        13         0  0.559823  0.749499
   200.0000        14         0  0.702948  0.644713
   200.0000        15         0  0.904954  0.613953
   200.0000        16         0  0.959944  0.604713
   200.0000        17         0  0.979618  0.568296
   200.0000        18         0   1.11651  0.542187
   200.0000        19         0  0.877573  0.657439
   200.0000        20         0   1.06880  0.526119

