# t = 145
#   ID       X	          Y           Z            
0.0    0  0   -46978.90000  650.45200  -31.05050
0.0    1  0   -47013.20000  595.27900  -29.65690   
0.0    2  0   -46970.80000  568.94300  -33.59240   
0.0    3  0   -47035.60000  631.86200  -29.26580   
0.0    4  0   -47009.40000  455.11600  -28.36840   
0.0    5  0   -46999.10000  437.88600  -28.55510   
0.0    6  0   -47008.70000  416.66400  -25.37450   
0.0    7  0   -46997.40000  416.54100  -21.05210   
0.0    8  0   -47040.10000  395.25500  -19.48220   
0.0    9  0   -47017.00000  367.53700  -24.73340   
0.0   10  0   -46977.70000  371.77900  -21.63530   
0.0   11  0   -47018.80000  196.76100  -38.45530   
0.0   12  0   -46986.50000  311.04400  -39.39420   
0.0   13  0   -47027.20000  361.00000  -19.91810   
0.0   14  0   -46966.30000  532.81800  -39.94360   
0.0   15  0   -46990.60000  739.41200  -35.26880   
0.0   16  0   -46995.80000  795.40200  -30.28270   
0.0   17  0   -46968.60000  825.64500  -36.03710   
0.0   18  0   -46977.64330  963.38653  -39.35920   
0.0   19  0   -47026.10000  698.91500  -38.46670   
0.0   20  0   -46949.30000  924.89400  -40.15940   
0.0   21  0   -47012.64453  797.33240  -30.36767   
0.0   22  0   -46966.83814  884.11635  -39.66403   
0.0   23  0   -46959.19922  680.63403  -39.11151   
0.0   24  0   -46984.51953  520.01801  -39.20496   
0.0   25  0   -47049.63396  339.18061  -23.94670   
