# =========================================================================
# Lower Manhattan
# =========================================================================

# Radial zone 0:
# r < 1028.98

92 756 244 378 60 259 22 618 578 731 608 5 978 338 684 685 288 931 75 114 609 256 947 782 46 873 517 287 909 204 39 404 449 587 872 868 612 892 94 206 384 964 980 305 381 898 95 961 214 50 205 353 306 703 634 56 171 215 38 239 899 47 343 911 605 383 512 977 401 

# -178.949 -169.078 -164.06 -163.982 -162.029 -157.031 -155.534 -155.354 -155.185 -154.24 -153.586 -152.927 -152.462 -151.343 -149.801 -149.685 -148.769 -147.401 -147.344 -147.083 -146.997 -146.887 -146.459 -146.375 -145.983 -145.026 -145.024 -144.021 -143.286 -141.905 -141.832 -139.639 -136.186 -135.771 -131.507 -127.23 -126.012 -123.428 -120.781 -120.31 -115.129 -114.784 -114.138 -113.679 -112.376 -112.05 -111.466 -110.757 -110.297 -110.119 -109.929 -109.907 -109.684 -108.987 -108.556 -104.825 -103.97 -102.906 -102.014 -100.918 -98.628 -98.0186 -96.7288 -96.5928 -95.2588 -94.8662 -92.3542 -91.1681 -86.5339 

# Radial zone 1:
# 1028.98 < r < 1752.42

495 394 907 496 477 395 497 498 478 479 657 499 676 289 349 954 260 715 927 153 778 779 593 626 350 101 202 77 310 599 600 754 542 903 764 67 863 902 622 137 40 596 136 595 597 476 866 598 61 235 730 504 567 572 490 55 888 129 904 491 242 355 221 1010 1009 718 314 916 934 113 874 893 918 213 919 920 8 1000 180 689 237 505 602 900 757 207 219 96 52 649 506 648 579 507 122 251 508 304 554 509 243 589 134 749 1 629 633 492 115 342 1004 293 294 650 9 717 387 886 53 54 59 737 226 339 800 979 615 894 801 799 546 493 109 682 798 681 389 921 645 144 241 51 143 234 228 959 290 225 1007 571 933 

# -179.094 -175.84 -174.065 -171.161 -169.91 -169.089 -168.953 -167.682 -167.008 -166.094 -162.997 -161.655 -161.587 -159.188 -158.133 -157.136 -154.119 -153.139 -152.345 -151.82 -151.112 -151.07 -150.23 -148.492 -148.266 -146.638 -146.611 -146.453 -146.138 -146.055 -146.036 -145.631 -145.542 -144.696 -144.443 -144.343 -144.302 -144.292 -142.903 -142.253 -142.131 -141.639 -141.581 -141.573 -140.498 -139.734 -137.958 -136.724 -131.875 -131.259 -131.174 -130.697 -130.234 -130.047 -129.483 -129.088 -128.864 -128.494 -128.112 -127.975 -127.432 -126.703 -126.447 -126.415 -126.415 -126.096 -125.907 -125.73 -125.516 -125.091 -125.079 -125.061 -124.575 -124.372 -124.011 -123.331 -123.115 -123.082 -122.948 -122.92 -122.72 -122.545 -122.479 -122.47 -122.26 -122.255 -121.808 -121.658 -121.637 -121.414 -121.362 -121.334 -121.048 -121.017 -121 -120.976 -120.013 -119.956 -119.868 -119.489 -119.116 -118.938 -118.734 -118.467 -118.134 -117.377 -117.13 -116.996 -116.664 -116.646 -116.4 -115.874 -115.849 -115.749 -115.065 -114.784 -114.219 -113.901 -111.674 -111.456 -111.317 -110.808 -110.333 -109.879 -109.044 -108.921 -108.597 -108.46 -108.191 -108.18 -107.536 -107.232 -107.004 -105.352 -104.352 -102.56 -102.522 -102.124 -102.032 -101.429 -99.4003 -97.8882 -97.7764 -97.7028 -97.6498 -97.5641 -97.5639 -97.4955 -96.3541 -92.5653 -82.9909 

# Radial zone 2:
# 1752.42 < r < 3076.71

119 6 358 152 230 220 41 32 31 851 804 58 852 312 48 168 850 758 85 552 849 971 848 344 255 105 182 994 847 617 63 854 396 317 173 670 174 855 856 857 248 693 765 695 169 16 390 420 543 1003 201 42 200 354 198 652 1005 500 480 922 308 680 630 1002 240 675 704 488 658 489 711 548 424 408 116 583 254 654 172 963 974 643 962 805 603 217 212 18 218 211 950 247 179 156 170 352 908 677 402 

# -175.277 -173.86 -173.75 -171.361 -170.417 -164.275 -163.431 -163.008 -163 -162.191 -161.003 -160.368 -160.211 -160.013 -159.983 -159.649 -159.618 -159.566 -159.524 -159.492 -159.306 -159.107 -159.105 -158.675 -158.517 -158.223 -157.819 -157.741 -156.601 -156.546 -156.292 -156.193 -156.173 -156.029 -155.883 -155.835 -155.723 -155.613 -155.301 -155.26 -155.044 -154.981 -154.099 -151.839 -151.271 -148.882 -148.857 -147.858 -147.718 -146.617 -146.567 -146.359 -146.353 -145.803 -145.637 -145.6 -145.312 -145.274 -144.626 -143.924 -143.585 -143.189 -142.734 -141.321 -140.2 -139.85 -139.677 -137.784 -137.712 -137.103 -136.675 -135.837 -135.657 -132.052 -131.757 -131.422 -130.672 -130.27 -128.3 -128.137 -128.079 -127.543 -127.356 -127.201 -127.058 -125.988 -125.888 -125.772 -125.764 -125.545 -125.424 -124.161 -124.145 -123.692 -122.949 -122.604 -103.74 -92.248 -79.8918 

# Radial zone 3:
# r > 3076.71

351 120 753 653 515 574 705 276 102 391 967 275 944 637 106 407 107 366 364 775 73 313 64 569 447 986 347 946 475 948 610 817 368 11 139 776 815 816 281 282 734 968 991 759 121 966 473 446 818 45 771 990 819 181 912 822 825 604 826 824 581 735 10 472 295 345 794 526 444 445 471 437 467 438 439 432 336 835 568 43 997 814 678 698 145 573 270 813 269 333 311 429 733 1001 411 457 551 253 709 117 655 223 627 24 208 628 897 209 566 15 943 777 216 896 942 741 7 397 210 2 999 0 710 802 

# -167.808 -163.774 -149.001 -148.994 -148.966 -148.893 -148.885 -148.858 -148.832 -148.809 -148.806 -148.705 -148.654 -148.636 -148.605 -148.481 -148.438 -148.305 -148.248 -147.782 -146.778 -146.405 -146.271 -146.03 -145.938 -145.933 -145.884 -145.79 -145.783 -145.765 -145.743 -145.722 -145.721 -145.697 -145.684 -145.64 -145.639 -145.635 -145.621 -145.6 -145.575 -145.557 -145.554 -145.521 -145.517 -145.516 -145.486 -145.484 -145.446 -145.439 -145.434 -145.419 -145.412 -145.394 -145.383 -145.296 -145.257 -145.255 -145.23 -145.23 -145.224 -145.213 -145.21 -145.182 -145.112 -144.952 -144.883 -144.589 -144.493 -144.479 -144.479 -144.468 -144.468 -144.455 -144.443 -144.418 -144.359 -144.35 -144.348 -144.319 -144.276 -144.242 -144.176 -144.035 -143.98 -143.969 -143.921 -143.718 -143.718 -143.692 -143.636 -143.435 -143.274 -142.97 -141.734 -141.426 -139.401 -136.577 -135.747 -129.89 -127.934 -126.435 -125.963 -125.585 -125.573 -125.541 -124.917 -124.862 -124.638 -124.356 -124.066 -123.961 -123.957 -123.832 -123.723 -123.607 -122.883 -122.359 -122.055 -121.848 -120.723 -120.003 -107.146 -102.058 

# =========================================================================
# Statue of Liberty
# =========================================================================

# Radial zone 0:
# r < 31.4291

636 829 830 

# -81.3623 -51.7962 -51.6812 

# Radial zone 1:
# 31.4291 < r < 239.512

274 273 45 461 291 325 728 981 363 539 763 533 535 531 532 534 699 430 462 958 529 315 796 795 679 464 463 700 691 594 372 772 97 192 193 191 111 100 326 374 537 373 376 375 377 469 21 891 371 712 316 245 327 328 442 580 727 98 118 37 635 536 307 751 607 713 714 166 167 726 393 831 834 832 797 936 149 87 692 683 631 521 292 135 562 561 560 232 74 957 133 453 410 729 559 725 949 606 747 164 780 426 937 178 906 236 901 803 409 405 724 513 540 915 441 553 62 425 385 514 423 586 370 970 945 887 925 558 329 723 233 557 19 131 956 659 163 332 722 386 142 875 938 159 160 278 277 279 280 

# -176.929 -172.907 -146.897 -119.601 -112.948 -95.0988 -91.2261 -89.6197 -87.9223 -87.3747 -86.9816 -86.667 -86.6554 -86.6308 -86.6273 -86.6246 -85.4124 -82.8583 -82.8195 -81.382 -80.8157 -80.2762 -79.1458 -78.4776 -76.987 -76.8919 -76.8468 -76.1568 -74.2598 -72.1556 -69.8149 -69.6728 -69.5474 -69.3539 -69.2139 -69.1156 -68.5575 -65.7591 -65.7266 -64.5761 -64.5721 -64.4537 -64.3761 -64.3223 -64.259 -63.7654 -62.9216 -62.7888 -62.4771 -62.022 -59.6083 -59.4294 -59.4191 -59.3917 -59.2829 -59.2828 -58.7261 -58.0998 -57.049 -56.9473 -56.9394 -56.8965 -56.6908 -55.3982 -54.3338 -54.1123 -54.0991 -54.0239 -54.0224 -53.8017 -53.5497 -53.2458 -53.1692 -53.1197 -52.5855 -52.2693 -50.1347 -49.5878 -49.0196 -48.6992 -47.1368 -47.1096 -46.155 -46.0315 -45.5431 -45.5345 -45.531 -45.1308 -44.7669 -43.9348 -42.7746 -41.6727 -41.3852 -39.6952 -39.6354 -37.5156 -37.238 -36.4071 -35.5108 -34.8025 -33.9303 -33.1466 -32.6536 -32.0522 -31.66 -31.5383 -31.4217 -31.1998 -30.402 -29.9676 -28.2298 -27.0232 -26.9947 -26.2941 -25.7326 -24.9803 -24.5965 -24.5607 -23.7997 -22.5171 -22.3622 -21.3449 -20.6784 -20.3324 -18.7754 -17.7652 -17.4355 -17.0351 -16.6534 -16.6071 -16.2306 -15.0763 -14.6277 -13.1893 -11.0903 -9.94084 -9.41255 -6.45161 -4.66396 -1.54513 2.39166 4.16404 5.78651 31.5912 31.7969 41.1753 41.1756 41.1767 41.1803 

# Radial zone 2:
# 239.512 < r < 328.615

295 794 272 271 876 836 812 268 585 877 745 878 520 879 151 623 641 621 880 427 398 932 840 576 697 483 577 177 601 35 44 616 769 665 331 972 76 881 841 17 176 501 79 78 69 663 842 30 321 882 128 422 66 414 527 34 843 690 810 905 662 246 969 993 298 564 71 382 844 773 519 766 885 141 748 250 482 175 146 930 951 661 28 320 194 995 33 620 299 82 708 660 767 953 845 124 738 619 416 640 148 846 286 421 84 319 721 588 

# -142.027 -139.362 -131.966 -130.937 -129.797 -123.114 -116.815 -112.234 -107.869 -106.912 -95.6026 -89.8028 -85.5514 -78.0984 -73.2398 -72.3077 -70.5797 -70.4638 -70.2099 -68.8992 -67.2695 -64.7888 -63.0423 -62.9222 -62.3496 -60.5867 -60.3718 -60.2583 -59.3316 -59.3022 -58.6692 -58.1421 -57.6091 -57.1766 -57.1386 -56.6359 -56.6251 -55.4898 -54.6213 -54.1747 -54.1056 -53.2579 -52.1662 -52.1565 -50.8061 -49.803 -49.499 -49.3191 -48.988 -47.6105 -47.2208 -46.8043 -46.2985 -46.2614 -45.3923 -45.0927 -43.8893 -43.7059 -43.3478 -43.0023 -41.1902 -40.2388 -39.2472 -38.3456 -38.0605 -37.7727 -37.0109 -35.6678 -34.6906 -33.8491 -33.3844 -31.5222 -30.1381 -29.9162 -29.8926 -29.6455 -29.1554 -28.8357 -28.4309 -27.7781 -26.5702 -26.5185 -22.4768 -21.6979 -19.1036 -18.7909 -17.971 -17.3597 -16.8999 -16.008 -15.3972 -15.2846 -15.0515 -12.2635 -12.0319 -11.194 -10.8356 -8.0417 -7.88065 -7.5319 -1.98036 -0.207524 0.556012 1.56663 7.34565 10.151 10.3203 15.8826 

# Radial zone 3:
# r > 328.615

526 838 556 267 266 127 716 793 265 788 928 668 484 367 357 413 667 839 674 65 125 545 185 666 341 89 883 340 263 770 792 647 719 147 189 924 768 1011 889 884 565 732 388 231 673 91 549 518 781 989 960 613 923 90 790 547 702 555 130 584 941 939 973 197 789 337 672 196 914 346 761 935 20 126 582 112 83 406 150 744 203 544 528 330 762 910 929 952 195 415 742 300 591 639 538 786 743 49 158 88 301 369 638 302 318 303 755 

# -137.509 -103.806 -100.648 -98.6573 -97.3762 -96.7422 -96.7372 -95.6172 -94.0752 -92.1159 -81.8988 -79.6818 -79.0008 -73.5282 -73.3964 -72.6959 -69.5348 -68.8705 -68.5723 -67.4994 -67.1675 -66.8486 -65.8045 -65.6274 -63.7269 -62.4959 -62.368 -59.6801 -58.1418 -57.8337 -56.1582 -51.373 -51.2531 -48.8774 -48.6898 -48.3007 -47.5943 -46.5445 -44.7632 -44.1862 -44.0825 -41.4424 -41.24 -40.348 -38.7862 -38.0198 -37.8983 -36.7704 -36.3085 -36.2249 -35.899 -34.0764 -33.8597 -32.0454 -31.9647 -29.1853 -28.7064 -27.8582 -27.55 -25.0305 -22.2249 -20.7681 -20.5585 -19.1035 -18.6627 -18.4249 -18.346 -15.9989 -15.7487 -14.2835 -14.2646 -13.8596 -11.0689 -10.9389 -10.7495 -10.6544 -10.5497 -9.54311 -9.51068 -7.98372 -5.48555 -4.71703 -2.93826 -2.15759 -0.32546 0.485819 0.639047 3.26582 3.32378 4.07517 4.40017 5.95413 6.08108 6.45102 7.16423 9.96224 10.1566 11.8799 15.0138 15.3428 16.9563 17.8646 19.3566 20.1084 21.4548 33.1378 33.2695 

