          0          0          0
   -0.40447   0.708521          0
  0.0820856   0.553212          0
   0.125327   0.688678          0
  -0.361229   0.843987          0

          1          0          0
   -0.40447   0.708521          0
  0.0820856   0.553212          0
   0.125327   0.688678          0
  -0.361229   0.843987          0

          2          0          0
   -0.40447   0.708521          0
  0.0820856   0.553212          0
   0.125327   0.688678          0
  -0.361229   0.843987          0

          3          0          0
   -0.40447   0.708521          0
  0.0820856   0.553212          0
   0.125327   0.688678          0
  -0.361229   0.843987          0

          4          0          0
   -0.40447   0.708521          0
  0.0820856   0.553212          0
   0.125327   0.688678          0
  -0.361229   0.843987          0

          5          0          0
   -0.40447   0.708521          0
  0.0820856   0.553212          0
   0.125327   0.688678          0
  -0.361229   0.843987          0

          6          0          0
   -0.40447   0.708521          0
  0.0820856   0.553212          0
   0.125327   0.688678          0
  -0.361229   0.843987          0

          7          0          0
   -0.40447   0.708521          0
  0.0820856   0.553212          0
   0.125327   0.688678          0
  -0.361229   0.843987          0

          8          0          0
   -0.40447   0.708521          0
  0.0820856   0.553212          0
   0.125327   0.688678          0
  -0.361229   0.843987          0

          9          0          0
   -0.40447   0.708521          0
  0.0820856   0.553212          0
   0.125327   0.688678          0
  -0.361229   0.843987          0

         10          0          0
   -0.40447   0.708521          0
  0.0820856   0.553212          0
   0.125327   0.688678          0
  -0.361229   0.843987          0

         11          0          0
  -0.398605   0.707999          0
  0.0879507    0.55269          0
   0.131192   0.688156          0
  -0.355364   0.843465          0

         12          0          0
   -0.39274   0.707476          0
  0.0938157   0.552167          0
   0.137057   0.687633          0
  -0.349499   0.842942          0

         13          0          0
  -0.386875   0.706954          0
  0.0996808   0.551645          0
   0.142922   0.687111          0
  -0.343634    0.84242          0

         14          0          0
   -0.38101   0.706431          0
   0.105546   0.551122          0
   0.148787   0.686588          0
  -0.337769   0.841897          0

         15          0          0
  -0.375144   0.705909          0
   0.111411     0.5506          0
   0.154652   0.686066          0
  -0.331904   0.841375          0

         16          0          0
  -0.369279   0.705387          0
   0.117276   0.550077          0
   0.160517   0.685543          0
  -0.326038   0.840853          0

         17          0          0
  -0.363414   0.704864          0
   0.123141   0.549555          0
   0.166382   0.685021          0
  -0.320173    0.84033          0

         18          0          0
  -0.357549   0.704342          0
   0.129006   0.549032          0
   0.172247   0.684498          0
  -0.314308   0.839808          0

         19          0          0
  -0.351684   0.703819          0
   0.134871    0.54851          0
   0.178112   0.683976          0
  -0.308443   0.839285          0

         20          0          0
  -0.345819   0.703297          0
   0.140736   0.547987          0
   0.183978   0.683453          0
  -0.302578   0.838763          0

         21          0          0
  -0.339954   0.702775          0
   0.146601   0.547465          0
   0.189843   0.682931          0
  -0.296713   0.838241          0

         22          0          0
  -0.334089   0.702252          0
   0.152466   0.546943          0
   0.195708   0.682409          0
  -0.290848   0.837718          0

         23          0          0
  -0.328224    0.70173          0
   0.158332    0.54642          0
   0.201573   0.681886          0
  -0.284983   0.837196          0

         24          0          0
  -0.322359   0.701207          0
   0.164197   0.545898          0
   0.207438   0.681364          0
  -0.279118   0.836673          0

         25          0          0
  -0.316493   0.700685          0
   0.170062   0.545375          0
   0.213303   0.680841          0
  -0.273253   0.836151          0

         26          0          0
  -0.310628   0.700163          0
   0.175927   0.544853          0
   0.219168   0.680319          0
  -0.267387   0.835629          0

         27          0          0
  -0.304763    0.69964          0
   0.181792    0.54433          0
   0.225033   0.679796          0
  -0.261522   0.835106          0

         28          0          0
  -0.298898   0.699118          0
   0.187657   0.543808          0
   0.230898   0.679274          0
  -0.255657   0.834584          0

         29          0          0
  -0.293033   0.698595          0
   0.193522   0.543285          0
   0.236763   0.678751          0
  -0.249792   0.834061          0

         30          0          0
  -0.287168   0.698073          0
   0.199387   0.542763          0
   0.242628   0.678229          0
  -0.243927   0.833539          0

         31          0          0
  -0.288858   0.699885          0
   0.204833   0.542297          0
   0.248074   0.677763          0
  -0.245617   0.835351          0

         32          0          0
  -0.290549   0.701697          0
   0.210279   0.541832          0
    0.25352   0.677298          0
  -0.247308   0.837163          0

         33          0          0
  -0.292239    0.70351          0
   0.215725   0.541366          0
   0.258966   0.676832          0
  -0.248998   0.838976          0

         34          0          0
  -0.293929   0.705322          0
    0.22117     0.5409          0
   0.264411   0.676366          0
  -0.250688   0.840788          0

         35          0          0
   -0.29562   0.707134          0
   0.226616   0.540435          0
   0.269857   0.675901          0
  -0.252379     0.8426          0

         36          0          0
   -0.29731   0.708946          0
   0.232062   0.539969          0
   0.275303   0.675435          0
  -0.254069   0.844412          0

         37          0          0
  -0.299001   0.710758          0
   0.237508   0.539503          0
   0.280749   0.674969          0
   -0.25576   0.846224          0

         38          0          0
  -0.300691   0.712571          0
   0.242954   0.539038          0
   0.286195   0.674504          0
   -0.25745   0.848037          0

         39          0          0
  -0.302381   0.714383          0
     0.2484   0.538572          0
   0.291641   0.674038          0
   -0.25914   0.849849          0

         40          0          0
  -0.304072   0.716195          0
   0.253846   0.538106          0
   0.297087   0.673572          0
  -0.260831   0.851661          0

         41          0          0
  -0.305762   0.718007          0
   0.259291   0.537641          0
   0.302532   0.673107          0
  -0.262521   0.853473          0

         42          0          0
  -0.307453   0.719819          0
   0.264737   0.537175          0
   0.307978   0.672641          0
  -0.264211   0.855285          0

         43          0          0
  -0.309143   0.721632          0
   0.270183   0.536709          0
   0.313424   0.672175          0
  -0.265902   0.857098          0

         44          0          0
  -0.310833   0.723444          0
   0.275629   0.536244          0
    0.31887    0.67171          0
  -0.267592    0.85891          0

         45          0          0
  -0.312524   0.725256          0
   0.281075   0.535778          0
   0.324316   0.671244          0
  -0.269283   0.860722          0

         46          0          0
  -0.314214   0.727068          0
   0.286521   0.535312          0
   0.329762   0.670778          0
  -0.270973   0.862534          0

         47          0          0
  -0.315904    0.72888          0
   0.291966   0.534847          0
   0.335207   0.670313          0
  -0.272663   0.864346          0

         48          0          0
  -0.317595   0.730693          0
   0.297412   0.534381          0
   0.340653   0.669847          0
  -0.274354   0.866159          0

         49          0          0
  -0.319285   0.732505          0
   0.302858   0.533915          0
   0.346099   0.669381          0
  -0.276044   0.867971          0

         50          0          0
  -0.320975   0.734317          0
   0.308304    0.53345          0
   0.351545   0.668915          0
  -0.277734   0.869783          0

         51          0          0
  -0.322666   0.736129          0
    0.31375   0.532984          0
   0.356991    0.66845          0
  -0.279425   0.871595          0

         52          0          0
  -0.324356   0.737941          0
   0.319196   0.532518          0
   0.362437   0.667984          0
  -0.281115   0.873407          0

         53          0          0
  -0.326047   0.739754          0
   0.324642   0.532052          0
   0.367883   0.667518          0
  -0.282806    0.87522          0

         54          0          0
  -0.327737   0.741566          0
   0.330087   0.531587          0
   0.373328   0.667053          0
  -0.284496   0.877032          0

         55          0          0
  -0.329427   0.743378          0
   0.335533   0.531121          0
   0.378774   0.666587          0
  -0.286186   0.878844          0

         56          0          0
  -0.331118    0.74519          0
   0.340979   0.530655          0
    0.38422   0.666121          0
  -0.287877   0.880656          0

         57          0          0
  -0.332808   0.747002          0
   0.346425    0.53019          0
   0.389666   0.665656          0
  -0.289567   0.882468          0

         58          0          0
  -0.334499   0.748815          0
   0.351871   0.529724          0
   0.395112    0.66519          0
  -0.291258   0.884281          0

         59          0          0
  -0.336189   0.750627          0
   0.357317   0.529258          0
   0.400558   0.664724          0
  -0.292948   0.886093          0

         60          0          0
  -0.337879   0.752439          0
   0.362763   0.528793          0
   0.406004   0.664259          0
  -0.294638   0.887905          0

         61          0          0
   -0.33957   0.754251          0
   0.368208   0.528327          0
   0.411449   0.663793          0
  -0.296329   0.889717          0

         62          0          0
   -0.34126   0.756063          0
   0.373654   0.527861          0
   0.416895   0.663327          0
  -0.298019   0.891529          0

         63          0          0
   -0.34295   0.757876          0
     0.3791   0.527396          0
   0.422341   0.662862          0
  -0.299709   0.893342          0

         64          0          0
  -0.344641   0.759688          0
   0.384546    0.52693          0
   0.427787   0.662396          0
    -0.3014   0.895154          0

         65          0          0
  -0.346331     0.7615          0
   0.389992   0.526464          0
   0.433233    0.66193          0
   -0.30309   0.896966          0

         66          0          0
  -0.348021   0.763312          0
   0.395438   0.525999          0
   0.438679   0.661465          0
  -0.304781   0.898778          0

         67          0          0
  -0.349712   0.765124          0
   0.400883   0.525533          0
   0.444124   0.660999          0
  -0.306471    0.90059          0

         68          0          0
  -0.351402   0.766937          0
   0.406329   0.525067          0
    0.44957   0.660533          0
  -0.308161   0.902403          0

         69          0          0
  -0.353093   0.768749          0
   0.411775   0.524602          0
   0.455016   0.660068          0
  -0.309852   0.904215          0

         70          0          0
  -0.354783   0.770561          0
   0.417221   0.524136          0
   0.460462   0.659602          0
  -0.311542   0.906027          0

         71          0          0
  -0.349848   0.770553          0
   0.422156   0.524128          0
   0.465397   0.659594          0
  -0.306607   0.906019          0

         72          0          0
  -0.344914   0.770545          0
    0.42709    0.52412          0
   0.470331   0.659586          0
  -0.301673   0.906011          0

         73          0          0
  -0.339979   0.770537          0
   0.432025   0.524112          0
   0.475266   0.659578          0
  -0.296738   0.906003          0

         74          0          0
  -0.335044   0.770529          0
    0.43696   0.524104          0
   0.480201    0.65957          0
  -0.291803   0.905995          0

         75          0          0
   -0.33011   0.770522          0
   0.441895   0.524097          0
   0.485135   0.659563          0
  -0.286868   0.905988          0

         76          0          0
  -0.325175   0.770514          0
   0.446829   0.524089          0
    0.49007   0.659555          0
  -0.281934    0.90598          0

         77          0          0
   -0.32024   0.770506          0
   0.451764   0.524081          0
   0.495005   0.659547          0
  -0.276999   0.905972          0

         78          0          0
  -0.315305   0.770498          0
   0.456699   0.524073          0
    0.49994   0.659539          0
  -0.272064   0.905964          0

         79          0          0
  -0.310371    0.77049          0
   0.461633   0.524065          0
   0.504874   0.659531          0
   -0.26713   0.905956          0

         80          0          0
  -0.305436   0.770482          0
   0.466568   0.524057          0
   0.509809   0.659523          0
  -0.262195   0.905948          0

         81          0          0
  -0.300501   0.770474          0
   0.471503   0.524049          0
   0.514744   0.659515          0
   -0.25726    0.90594          0

         82          0          0
  -0.295567   0.770466          0
   0.476437   0.524041          0
   0.519678   0.659507          0
  -0.252326   0.905932          0

         83          0          0
  -0.290632   0.770458          0
   0.481372   0.524033          0
   0.524613   0.659499          0
  -0.247391   0.905924          0

         84          0          0
  -0.285697    0.77045          0
   0.486307   0.524025          0
   0.529548   0.659491          0
  -0.242456   0.905916          0

         85          0          0
  -0.280763   0.770442          0
   0.491241   0.524018          0
   0.534482   0.659484          0
  -0.237521   0.905909          0

         86          0          0
  -0.275828   0.770435          0
   0.496176    0.52401          0
   0.539417   0.659476          0
  -0.232587   0.905901          0

         87          0          0
  -0.270893   0.770427          0
   0.501111   0.524002          0
   0.544352   0.659468          0
  -0.227652   0.905893          0

         88          0          0
  -0.265958   0.770419          0
   0.506046   0.523994          0
   0.549287    0.65946          0
  -0.222717   0.905885          0

         89          0          0
  -0.261024   0.770411          0
    0.51098   0.523986          0
   0.554221   0.659452          0
  -0.217783   0.905877          0

         90          0          0
  -0.256089   0.770403          0
   0.515915   0.523978          0
   0.559156   0.659444          0
  -0.212848   0.905869          0

         91          0          0
  -0.250315   0.771368          0
   0.521689   0.524943          0
    0.56493   0.660409          0
  -0.207074   0.906834          0

         92          0          0
  -0.244541   0.772334          0
   0.527463   0.525909          0
   0.570704   0.661374          0
    -0.2013     0.9078          0

         93          0          0
  -0.238767   0.773299          0
   0.533237   0.526874          0
   0.576478    0.66234          0
  -0.195526   0.908765          0

         94          0          0
  -0.232993   0.774264          0
   0.539011   0.527839          0
   0.582252   0.663305          0
  -0.189752    0.90973          0

         95          0          0
  -0.227219   0.775229          0
   0.544785   0.528804          0
   0.588026    0.66427          0
  -0.183978   0.910695          0

         96          0          0
  -0.221445   0.776194          0
   0.550559    0.52977          0
     0.5938   0.665236          0
  -0.178204    0.91166          0

         97          0          0
  -0.215671    0.77716          0
   0.556333   0.530735          0
   0.599574   0.666201          0
   -0.17243   0.912626          0

         98          0          0
  -0.209897   0.778125          0
   0.562107     0.5317          0
   0.605348   0.667166          0
  -0.166656   0.913591          0

         99          0          0
  -0.204123    0.77909          0
   0.567881   0.532665          0
   0.611122   0.668131          0
  -0.160882   0.914556          0

        100          0          0
  -0.198349   0.780056          0
   0.573655   0.533631          0
   0.616896   0.669096          0
  -0.155107   0.915522          0

        101          0          0
  -0.192574   0.781021          0
    0.57943   0.534596          0
   0.622671   0.670062          0
  -0.149333   0.916487          0

        102          0          0
    -0.1868   0.781986          0
   0.585204   0.535561          0
   0.628445   0.671027          0
  -0.143559   0.917452          0

        103          0          0
  -0.181026   0.782951          0
   0.590978   0.536526          0
   0.634219   0.671992          0
  -0.137785   0.918417          0

        104          0          0
  -0.175252   0.783916          0
   0.596752   0.537492          0
   0.639993   0.672958          0
  -0.132011   0.919382          0

        105          0          0
  -0.169478   0.784882          0
   0.602526   0.538457          0
   0.645767   0.673923          0
  -0.126237   0.920348          0

        106          0          0
  -0.163704   0.785847          0
     0.6083   0.539422          0
   0.651541   0.674888          0
  -0.120463   0.921313          0

        107          0          0
   -0.15793   0.786812          0
   0.614074   0.540387          0
   0.657315   0.675853          0
  -0.114689   0.922278          0

        108          0          0
  -0.152156   0.787778          0
   0.619848   0.541353          0
   0.663089   0.676818          0
  -0.108915   0.923244          0

        109          0          0
  -0.146382   0.788743          0
   0.625622   0.542318          0
   0.668863   0.677784          0
  -0.103141   0.924209          0

        110          0          0
  -0.140608   0.789708          0
   0.631396   0.543283          0
   0.674637   0.678749          0
 -0.0973669   0.925174          0

        111          0          0
  -0.135612   0.790528          0
   0.636392   0.544103          0
   0.679633   0.679569          0
 -0.0923711   0.925994          0

        112          0          0
  -0.130616   0.791347          0
   0.641388   0.544922          0
   0.684629   0.680388          0
 -0.0873752   0.926813          0

        113          0          0
   -0.12562   0.792167          0
   0.646384   0.545742          0
   0.689625   0.681208          0
 -0.0823794   0.927633          0

        114          0          0
  -0.120625   0.792986          0
   0.651379   0.546561          0
    0.69462   0.682027          0
 -0.0773836   0.928452          0

        115          0          0
  -0.115629   0.793806          0
   0.656375   0.547381          0
   0.699616   0.682847          0
 -0.0723877   0.929272          0

        116          0          0
  -0.110633   0.794626          0
   0.661371     0.5482          0
   0.704612   0.683666          0
 -0.0673919   0.930092          0

        117          0          0
  -0.105637   0.795445          0
   0.666367    0.54902          0
   0.709608   0.684486          0
  -0.062396   0.930911          0

        118          0          0
  -0.100641   0.796265          0
   0.671363   0.549839          0
   0.714604   0.685305          0
 -0.0574002   0.931731          0

        119          0          0
 -0.0956454   0.797084          0
   0.676359   0.550659          0
     0.7196   0.686125          0
 -0.0524044    0.93255          0

        120          0          0
 -0.0906496   0.797904          0
   0.681354   0.551478          0
   0.724595   0.686945          0
 -0.0474085    0.93337          0

        121          0          0
 -0.0856538   0.798724          0
    0.68635   0.552298          0
   0.729591   0.687764          0
 -0.0424127    0.93419          0

        122          0          0
 -0.0806579   0.799543          0
   0.691346   0.553118          0
   0.734587   0.688584          0
 -0.0374169   0.935009          0

        123          0          0
 -0.0756621   0.800363          0
   0.696342   0.553937          0
   0.739583   0.689403          0
  -0.032421   0.935829          0

        124          0          0
 -0.0706662   0.801182          0
   0.701338   0.554757          0
   0.744579   0.690223          0
 -0.0274252   0.936648          0

        125          0          0
 -0.0656704   0.802002          0
   0.706334   0.555576          0
   0.749575   0.691042          0
 -0.0224294   0.937468          0

        126          0          0
 -0.0606746   0.802822          0
    0.71133   0.556396          0
   0.754571   0.691862          0
 -0.0174335   0.938288          0

        127          0          0
 -0.0556787   0.803641          0
   0.716325   0.557215          0
   0.759566   0.692681          0
 -0.0124377   0.939107          0

        128          0          0
 -0.0506829   0.804461          0
   0.721321   0.558035          0
   0.764562   0.693501          0
-0.00744184   0.939927          0

        129          0          0
  -0.045687    0.80528          0
   0.726317   0.558854          0
   0.769558    0.69432          0
-0.00244601   0.940746          0

        130          0          0
 -0.0406912     0.8061          0
   0.731313   0.559674          0
   0.774554    0.69514          0
 0.00254983   0.941566          0

        131          0          0
 -0.0347233    0.80477          0
   0.737281   0.558344          0
   0.780522    0.69381          0
 0.00851774   0.940236          0

        132          0          0
 -0.0287554    0.80344          0
   0.743249   0.557014          0
    0.78649    0.69248          0
  0.0144856   0.938906          0

        133          0          0
 -0.0227875   0.802109          0
   0.749217   0.555684          0
   0.792458    0.69115          0
  0.0204536   0.937575          0

        134          0          0
 -0.0168196   0.800779          0
   0.755185   0.554353          0
   0.798426   0.689819          0
  0.0264215   0.936245          0

        135          0          0
 -0.0108517   0.799449          0
   0.761153   0.553023          0
   0.804393   0.688489          0
  0.0323894   0.934915          0

        136          0          0
-0.00488386   0.798119          0
    0.76712   0.551693          0
   0.810361   0.687159          0
  0.0383573   0.933585          0

        137          0          0
 0.00108403   0.796789          0
   0.773088   0.550363          0
   0.816329   0.685829          0
  0.0443252   0.932255          0

        138          0          0
 0.00705192   0.795458          0
   0.779056   0.549033          0
   0.822297   0.684499          0
  0.0502931   0.930924          0

        139          0          0
  0.0130198   0.794128          0
   0.785024   0.547703          0
   0.828265   0.683169          0
   0.056261   0.929594          0

        140          0          0
  0.0189877   0.792798          0
   0.790992   0.546372          0
   0.834233   0.681839          0
  0.0622289   0.928264          0

        141          0          0
  0.0249556   0.791468          0
    0.79696   0.545042          0
   0.840201   0.680508          0
  0.0681968   0.926934          0

        142          0          0
  0.0309235   0.790138          0
   0.802928   0.543712          0
   0.846169   0.679178          0
  0.0741647   0.925604          0

        143          0          0
  0.0368914   0.788807          0
   0.808896   0.542382          0
   0.852137   0.677848          0
  0.0801326   0.924273          0

        144          0          0
  0.0428593   0.787477          0
   0.814864   0.541052          0
   0.858105   0.676518          0
  0.0861005   0.922943          0

        145          0          0
  0.0488271   0.786147          0
   0.820831   0.539722          0
   0.864073   0.675188          0
  0.0920685   0.921613          0

        146          0          0
   0.054795   0.784817          0
   0.826799   0.538392          0
    0.87004   0.673858          0
  0.0980364   0.920283          0

        147          0          0
  0.0607629   0.783487          0
   0.832767   0.537061          0
   0.876008   0.672527          0
   0.104004   0.918953          0

        148          0          0
  0.0667308   0.782156          0
   0.838735   0.535731          0
   0.881976   0.671197          0
   0.109972   0.917622          0

        149          0          0
  0.0726987   0.780826          0
   0.844703   0.534401          0
   0.887944   0.669867          0
    0.11594   0.916292          0

        150          0          0
  0.0786666   0.779496          0
   0.850671   0.533071          0
   0.893912   0.668537          0
   0.121908   0.914962          0

        151          0          0
  0.0839891   0.778411          0
   0.855993   0.531986          0
   0.899234   0.667452          0
    0.12723   0.913877          0

        152          0          0
  0.0893116   0.777326          0
   0.861316   0.530901          0
   0.904557   0.666367          0
   0.132553   0.912792          0

        153          0          0
  0.0946341   0.776241          0
   0.866638   0.529816          0
   0.909879   0.665282          0
   0.137876   0.911707          0

        154          0          0
  0.0999566   0.775156          0
   0.871961   0.528731          0
   0.915202   0.664197          0
   0.143198   0.910622          0

        155          0          0
   0.105279   0.774071          0
   0.877283   0.527646          0
   0.920524   0.663112          0
    0.14852   0.909537          0

        156          0          0
   0.110602   0.772986          0
   0.882606   0.526561          0
   0.925847   0.662027          0
   0.153843   0.908452          0

        157          0          0
   0.115924   0.771901          0
   0.887928   0.525476          0
   0.931169   0.660942          0
   0.159166   0.907367          0

        158          0          0
   0.121247   0.770816          0
   0.893251   0.524391          0
   0.936492   0.659857          0
   0.164488   0.906282          0

        159          0          0
   0.126569   0.769731          0
   0.898573   0.523306          0
   0.941814   0.658772          0
   0.169811   0.905197          0

        160          0          0
   0.131892   0.768646          0
   0.903896   0.522221          0
   0.947137   0.657687          0
   0.175133   0.904112          0

        161          0          0
   0.137214   0.767561          0
   0.909218   0.521136          0
   0.952459   0.656602          0
   0.180455   0.903027          0

        162          0          0
   0.142537   0.766476          0
   0.914541   0.520051          0
   0.957781   0.655517          0
   0.185778   0.901942          0

        163          0          0
   0.147859   0.765391          0
   0.919863   0.518966          0
   0.963104   0.654432          0
   0.191101   0.900857          0

        164          0          0
   0.153182   0.764306          0
   0.925186   0.517881          0
   0.968426   0.653347          0
   0.196423   0.899772          0

        165          0          0
   0.158504   0.763221          0
   0.930508   0.516796          0
   0.973749   0.652262          0
   0.201745   0.898687          0

        166          0          0
   0.163827   0.762136          0
   0.935831   0.515711          0
   0.979071   0.651177          0
   0.207068   0.897602          0

        167          0          0
   0.169149   0.761051          0
   0.941153   0.514626          0
   0.984394   0.650092          0
   0.212391   0.896517          0

        168          0          0
   0.174472   0.759966          0
   0.946476   0.513541          0
   0.989716   0.649007          0
   0.217713   0.895432          0

        169          0          0
   0.179794   0.758881          0
   0.951798   0.512456          0
   0.995039   0.647922          0
   0.223035   0.894347          0

        170          0          0
   0.185117   0.757796          0
    0.95712   0.511371          0
    1.00036   0.646837          0
   0.228358   0.893263          0

        171          0          0
   0.190439   0.756712          0
   0.962443   0.510287          0
    1.00568   0.645753          0
   0.233681   0.892178          0

        172          0          0
   0.195762   0.755627          0
   0.967765   0.509202          0
    1.01101   0.644668          0
   0.239003   0.891093          0

        173          0          0
   0.201084   0.754542          0
   0.973088   0.508117          0
    1.01633   0.643583          0
   0.244326   0.890008          0

        174          0          0
   0.206407   0.753457          0
    0.97841   0.507032          0
    1.02165   0.642498          0
   0.249648   0.888923          0

        175          0          0
   0.211729   0.752372          0
   0.983733   0.505947          0
    1.02697   0.641413          0
    0.25497   0.887838          0

        176          0          0
   0.217052   0.751287          0
   0.989055   0.504862          0
     1.0323   0.640328          0
   0.260293   0.886753          0

        177          0          0
   0.222374   0.750202          0
   0.994378   0.503777          0
    1.03762   0.639243          0
   0.265616   0.885668          0

        178          0          0
   0.227697   0.749117          0
     0.9997   0.502692          0
    1.04294   0.638158          0
   0.270938   0.884583          0

        179          0          0
   0.233019   0.748032          0
    1.00502   0.501607          0
    1.04826   0.637073          0
   0.276261   0.883498          0

        180          0          0
   0.238342   0.746947          0
    1.01035   0.500522          0
    1.05359   0.635988          0
   0.281583   0.882413          0

        181          0          0
   0.243664   0.745862          0
    1.01567   0.499437          0
    1.05891   0.634903          0
   0.286905   0.881328          0

        182          0          0
   0.248987   0.744777          0
    1.02099   0.498352          0
    1.06423   0.633818          0
   0.292228   0.880243          0

        183          0          0
   0.254309   0.743692          0
    1.02631   0.497267          0
    1.06955   0.632733          0
    0.29755   0.879158          0

        184          0          0
   0.259632   0.742607          0
    1.03164   0.496182          0
    1.07488   0.631648          0
   0.302873   0.878073          0

        185          0          0
   0.264954   0.741522          0
    1.03696   0.495097          0
     1.0802   0.630563          0
   0.308196   0.876988          0

        186          0          0
   0.270277   0.740437          0
    1.04228   0.494012          0
    1.08552   0.629478          0
   0.313518   0.875903          0

        187          0          0
   0.275599   0.739352          0
     1.0476   0.492927          0
    1.09084   0.628393          0
   0.318841   0.874818          0

        188          0          0
   0.280922   0.738267          0
    1.05293   0.491842          0
    1.09617   0.627308          0
   0.324163   0.873733          0

        189          0          0
   0.286244   0.737182          0
    1.05825   0.490757          0
    1.10149   0.626223          0
   0.329485   0.872648          0

        190          0          0
   0.291567   0.736097          0
    1.06357   0.489672          0
    1.10681   0.625138          0
   0.334808   0.871563          0

        191          0          0
   0.296985   0.735204          0
    1.06899   0.488778          0
    1.11223   0.624244          0
   0.340226   0.870669          0

        192          0          0
   0.302403    0.73431          0
    1.07441   0.487885          0
    1.11765   0.623351          0
   0.345644   0.869776          0

        193          0          0
   0.307821   0.733417          0
    1.07982   0.486991          0
    1.12306   0.622457          0
   0.351062   0.868883          0

        194          0          0
    0.31324   0.732523          0
    1.08524   0.486098          0
    1.12848   0.621564          0
    0.35648   0.867989          0

        195          0          0
   0.318658    0.73163          0
    1.09066   0.485204          0
     1.1339    0.62067          0
   0.361899   0.867096          0

        196          0          0
   0.324076   0.730736          0
    1.09608   0.484311          0
    1.13932   0.619777          0
   0.367317   0.866202          0

        197          0          0
   0.329494   0.729842          0
     1.1015   0.483417          0
    1.14474   0.618883          0
   0.372735   0.865308          0

        198          0          0
   0.334912   0.728949          0
    1.10692   0.482524          0
    1.15016    0.61799          0
   0.378153   0.864415          0

        199          0          0
    0.34033   0.728055          0
    1.11233    0.48163          0
    1.15557   0.617096          0
   0.383571   0.863521          0

        200          0          0
   0.345748   0.727162          0
    1.11775   0.480737          0
    1.16099   0.616203          0
   0.388989   0.862628          0

        201          0          0
   0.351166   0.726268          0
    1.12317   0.479843          0
    1.16641   0.615309          0
   0.394407   0.861734          0

        202          0          0
   0.356585   0.725375          0
    1.12859    0.47895          0
    1.17183   0.614416          0
   0.399826   0.860841          0

        203          0          0
   0.362003   0.724482          0
    1.13401   0.478056          0
    1.17725   0.613522          0
   0.405244   0.859947          0

        204          0          0
   0.367421   0.723588          0
    1.13943   0.477163          0
    1.18267   0.612629          0
   0.410662   0.859054          0

        205          0          0
   0.372839   0.722695          0
    1.14484   0.476269          0
    1.18808   0.611735          0
    0.41608    0.85816          0

        206          0          0
   0.378257   0.721801          0
    1.15026   0.475376          0
     1.1935   0.610842          0
   0.421498   0.857267          0

        207          0          0
   0.383675   0.720908          0
    1.15568   0.474482          0
    1.19892   0.609948          0
   0.426916   0.856374          0

        208          0          0
   0.389093   0.720014          0
     1.1611   0.473589          0
    1.20434   0.609055          0
   0.432334    0.85548          0

        209          0          0
   0.394511   0.719121          0
    1.16652   0.472695          0
    1.20976   0.608161          0
   0.437752   0.854587          0

        210          0          0
   0.399929   0.718227          0
    1.17193   0.471801          0
    1.21518   0.607267          0
   0.443171   0.853693          0

        211          0          0
   0.405348   0.717333          0
    1.17735   0.470908          0
    1.22059   0.606374          0
   0.448589   0.852799          0

        212          0          0
   0.410766    0.71644          0
    1.18277   0.470014          0
    1.22601    0.60548          0
   0.454007   0.851906          0

        213          0          0
   0.416184   0.715546          0
    1.18819   0.469121          0
    1.23143   0.604587          0
   0.459425   0.851012          0

        214          0          0
   0.421602   0.714653          0
    1.19361   0.468227          0
    1.23685   0.603693          0
   0.464843   0.850119          0

        215          0          0
    0.42702   0.713759          0
    1.19903   0.467334          0
    1.24227     0.6028          0
   0.470261   0.849225          0

        216          0          0
   0.432438   0.712866          0
    1.20444    0.46644          0
    1.24768   0.601906          0
   0.475679   0.848332          0

        217          0          0
   0.437856   0.711973          0
    1.20986   0.465547          0
     1.2531   0.601013          0
   0.481097   0.847438          0

        218          0          0
   0.443274   0.711079          0
    1.21528   0.464653          0
    1.25852   0.600119          0
   0.486516   0.846545          0

        219          0          0
   0.448693   0.710186          0
     1.2207    0.46376          0
    1.26394   0.599226          0
   0.491934   0.845652          0

        220          0          0
   0.454111   0.709292          0
    1.22612   0.462866          0
    1.26936   0.598332          0
   0.497352   0.844758          0

        221          0          0
   0.459529   0.708399          0
    1.23154   0.461973          0
    1.27478   0.597439          0
    0.50277   0.843865          0

        222          0          0
   0.464947   0.707505          0
    1.23695   0.461079          0
    1.28019   0.596545          0
   0.508188   0.842971          0

        223          0          0
   0.470365   0.706612          0
    1.24237   0.460186          0
    1.28561   0.595652          0
   0.513606   0.842078          0

        224          0          0
   0.475783   0.705718          0
    1.24779   0.459292          0
    1.29103   0.594758          0
   0.519024   0.841184          0

        225          0          0
   0.481201   0.704824          0
    1.25321   0.458399          0
    1.29645   0.593865          0
   0.524442    0.84029          0

        226          0          0
   0.486619   0.703931          0
    1.25863   0.457505          0
    1.30187   0.592971          0
   0.529861   0.839397          0

        227          0          0
   0.492038   0.703037          0
    1.26405   0.456612          0
    1.30729   0.592078          0
   0.535279   0.838503          0

        228          0          0
   0.497456   0.702144          0
    1.26946   0.455718          0
     1.3127   0.591184          0
   0.540697    0.83761          0

        229          0          0
   0.502874    0.70125          0
    1.27488   0.454825          0
    1.31812   0.590291          0
   0.546115   0.836716          0

        230          0          0
   0.508292   0.700357          0
     1.2803   0.453931          0
    1.32354   0.589397          0
   0.551533   0.835823          0

        231          0          0
   0.513487   0.700485          0
     1.2855   0.454059          0
    1.32873   0.589525          0
   0.556728   0.835951          0

        232          0          0
   0.518682   0.700612          0
    1.29069   0.454186          0
    1.33393   0.589652          0
   0.561923   0.836078          0

        233          0          0
   0.523877    0.70074          0
    1.29588   0.454314          0
    1.33912    0.58978          0
   0.567118   0.836206          0

        234          0          0
   0.529072   0.700867          0
    1.30108   0.454442          0
    1.34432   0.589908          0
   0.572313   0.836333          0

        235          0          0
   0.534267   0.700995          0
    1.30628   0.454569          0
    1.34952   0.590035          0
   0.577508   0.836461          0

        236          0          0
   0.539462   0.701123          0
    1.31147   0.454697          0
    1.35471   0.590163          0
   0.582703   0.836589          0

        237          0          0
   0.544657    0.70125          0
    1.31666   0.454825          0
     1.3599   0.590291          0
   0.587898   0.836716          0

        238          0          0
   0.549852   0.701378          0
    1.32186   0.454952          0
     1.3651   0.590418          0
   0.593093   0.836844          0

        239          0          0
   0.555047   0.701506          0
    1.32706    0.45508          0
     1.3703   0.590546          0
   0.598288   0.836972          0

        240          0          0
   0.560242   0.701633          0
    1.33225   0.455207          0
    1.37549   0.590673          0
   0.603483   0.837099          0

        241          0          0
   0.565437   0.701761          0
    1.33744   0.455335          0
    1.38068   0.590801          0
   0.608678   0.837227          0

        242          0          0
   0.570632   0.701889          0
    1.34264   0.455463          0
    1.38588   0.590929          0
   0.613873   0.837355          0

        243          0          0
   0.575827   0.702016          0
    1.34783    0.45559          0
    1.39107   0.591056          0
   0.619068   0.837482          0

        244          0          0
   0.581022   0.702144          0
    1.35303   0.455718          0
    1.39627   0.591184          0
   0.624263    0.83761          0

        245          0          0
   0.586217   0.702271          0
    1.35823   0.455846          0
    1.40146   0.591312          0
   0.629458   0.837737          0

        246          0          0
   0.591412   0.702399          0
    1.36342   0.455973          0
    1.40666   0.591439          0
   0.634653   0.837865          0

        247          0          0
   0.596607   0.702527          0
    1.36861   0.456101          0
    1.41185   0.591567          0
   0.639848   0.837993          0

        248          0          0
   0.601802   0.702654          0
    1.37381   0.456229          0
    1.41705   0.591695          0
   0.645043    0.83812          0

        249          0          0
   0.606997   0.702782          0
    1.37901   0.456356          0
    1.42224   0.591822          0
   0.650238   0.838248          0

        250          0          0
   0.612193   0.702909          0
     1.3842   0.456484          0
    1.42744    0.59195          0
   0.655434   0.838375          0

        251          0          0
   0.617388   0.703037          0
    1.38939   0.456612          0
    1.43263   0.592078          0
   0.660629   0.838503          0

        252          0          0
   0.622583   0.703165          0
    1.39459   0.456739          0
    1.43783   0.592205          0
   0.665824   0.838631          0

        253          0          0
   0.627778   0.703292          0
    1.39979   0.456867          0
    1.44303   0.592333          0
   0.671019   0.838758          0

        254          0          0
   0.632973    0.70342          0
    1.40498   0.456995          0
    1.44822   0.592461          0
   0.676214   0.838886          0

        255          0          0
   0.638168   0.703548          0
    1.41017   0.457122          0
    1.45341   0.592588          0
   0.681409   0.839014          0

        256          0          0
   0.643363   0.703675          0
    1.41537    0.45725          0
    1.45861   0.592716          0
   0.686604   0.839141          0

        257          0          0
   0.648558   0.703803          0
    1.42057   0.457378          0
    1.46381   0.592844          0
   0.691799   0.839269          0

        258          0          0
   0.653753   0.703931          0
    1.42576   0.457505          0
      1.469   0.592971          0
   0.696994   0.839396          0

        259          0          0
   0.658948   0.704058          0
    1.43095   0.457633          0
    1.47419   0.593099          0
   0.702189   0.839524          0

        260          0          0
   0.664143   0.704186          0
    1.43615    0.45776          0
    1.47939   0.593226          0
   0.707384   0.839652          0

        261          0          0
   0.669338   0.704313          0
    1.44135   0.457888          0
    1.48459   0.593354          0
   0.712579   0.839779          0

        262          0          0
   0.674533   0.704441          0
    1.44654   0.458016          0
    1.48978   0.593482          0
   0.717774   0.839907          0

        263          0          0
   0.679728   0.704569          0
    1.45173   0.458143          0
    1.49497   0.593609          0
   0.722969   0.840035          0

        264          0          0
   0.684923   0.704696          0
    1.45693   0.458271          0
    1.50017   0.593737          0
   0.728164   0.840162          0

        265          0          0
   0.690118   0.704824          0
    1.46212   0.458399          0
    1.50536   0.593865          0
   0.733359    0.84029          0

        266          0          0
   0.695313   0.704952          0
    1.46732   0.458526          0
    1.51056   0.593992          0
   0.738554   0.840418          0

        267          0          0
   0.700508   0.705079          0
    1.47252   0.458654          0
    1.51575    0.59412          0
   0.743749   0.840545          0

        268          0          0
   0.705703   0.705207          0
    1.47771   0.458782          0
    1.52095   0.594248          0
   0.748944   0.840673          0

        269          0          0
   0.710898   0.705334          0
     1.4829   0.458909          0
    1.52614   0.594375          0
   0.754139     0.8408          0

        270          0          0
   0.716093   0.705462          0
     1.4881   0.459037          0
    1.53134   0.594503          0
   0.759334   0.840928          0

        271          0          0
   0.723175   0.705095          0
    1.49518    0.45867          0
    1.53842   0.594136          0
   0.766416   0.840561          0

        272          0          0
   0.730257   0.704728          0
    1.50226   0.458303          0
     1.5455   0.593769          0
   0.773498   0.840194          0

        273          0          0
   0.737338   0.704361          0
    1.50935   0.457936          0
    1.55259   0.593402          0
   0.780579   0.839827          0

        274          0          0
    0.74442   0.703994          0
    1.51643   0.457569          0
    1.55967   0.593035          0
   0.787661    0.83946          0

        275          0          0
   0.751502   0.703627          0
    1.52351   0.457202          0
    1.56675   0.592668          0
   0.794743   0.839093          0

        276          0          0
   0.758584    0.70326          0
    1.53059   0.456835          0
    1.57383   0.592301          0
   0.801825   0.838726          0

        277          0          0
   0.765666   0.702893          0
    1.53767   0.456468          0
    1.58091   0.591934          0
   0.808907   0.838359          0

        278          0          0
   0.772748   0.702526          0
    1.54475   0.456101          0
    1.58799   0.591567          0
   0.815989   0.837992          0

        279          0          0
   0.779829   0.702159          0
    1.55184   0.455734          0
    1.59508     0.5912          0
    0.82307   0.837625          0

        280          0          0
   0.786911   0.701792          0
    1.55892   0.455367          0
    1.60216   0.590833          0
   0.830152   0.837258          0

        281          0          0
   0.793993   0.701425          0
      1.566      0.455          0
    1.60924   0.590466          0
   0.837234   0.836891          0

        282          0          0
   0.801075   0.701058          0
    1.57308   0.454633          0
    1.61632   0.590099          0
   0.844316   0.836524          0

        283          0          0
   0.808157   0.700691          0
    1.58016   0.454266          0
     1.6234   0.589732          0
   0.851398   0.836157          0

        284          0          0
   0.815239   0.700324          0
    1.58724   0.453899          0
    1.63048   0.589365          0
    0.85848    0.83579          0

        285          0          0
    0.82232   0.699957          0
    1.59433   0.453532          0
    1.63757   0.588998          0
   0.865561   0.835423          0

        286          0          0
   0.829402    0.69959          0
    1.60141   0.453165          0
    1.64465   0.588631          0
   0.872643   0.835056          0

        287          0          0
   0.836484   0.699223          0
    1.60849   0.452798          0
    1.65173   0.588264          0
   0.879725   0.834689          0

        288          0          0
   0.836484   0.699223          0
    1.60849   0.452798          0
    1.65173   0.588264          0
   0.879725   0.834689          0

