    10.0000          0          0
  -0.404470   0.708521    0.00000
  0.0820856   0.553212    0.00000
   0.125327   0.688678    0.00000
  -0.361229   0.843987    0.00000

    30.0000          0          0
  -0.287168   0.698073    0.00000
   0.199387   0.542763    0.00000
   0.242628   0.678229    0.00000
  -0.243927   0.833539    0.00000

    70.0000          0          0
  -0.354783   0.770561    0.00000
   0.417221   0.524136    0.00000
   0.460462   0.659602    0.00000
  -0.311542   0.906027    0.00000

    90.0000          0          0
  -0.256089   0.770403    0.00000
   0.515915   0.523978    0.00000
   0.559156   0.659444    0.00000
  -0.212848   0.905869    0.00000

    110.000          0          0
  -0.140608   0.789708    0.00000
   0.631396   0.543283    0.00000
   0.674637   0.678749    0.00000
 -0.0973669   0.925174    0.00000

    130.000          0          0
 -0.0406912   0.806100    0.00000
   0.731313   0.559674    0.00000
   0.774554   0.695140    0.00000
 0.00254983   0.941566    0.00000

    150.000          0          0
  0.0786666   0.779496    0.00000
   0.850671   0.533071    0.00000
   0.893912   0.668537    0.00000
   0.121908   0.914962    0.00000

    190.000          0          0
   0.291567   0.736097    0.00000
    1.06357   0.489672    0.00000
    1.10681   0.625138    0.00000
   0.334808   0.871563    0.00000

    230.000          0          0
   0.508292   0.700357    0.00000
    1.28030   0.453931    0.00000
    1.32354   0.589397    0.00000
   0.551533   0.835823    0.00000

    270.000          0          0
   0.716093   0.705462    0.00000
    1.48810   0.459037    0.00000
    1.53134   0.594503    0.00000
   0.759334   0.840928    0.00000

    287.000          0          0
   0.836484   0.699223    0.00000
    1.60849   0.452798    0.00000
    1.65173   0.588264    0.00000
   0.879725   0.834689    0.00000

