# Time   PolyLine_ID   Passnumber   X Y R G B A

0  6  0  -5.00662   2.40054   1  0  1  1
0  6  0  1.71877   0.383322   1  0  1  1

0  7  0  -5.00662   2.40054   1  0  1  1
0  7  0  1.73306   0.674982   1  0  1  1

0  8  0  -5.00662   2.40054   1  0  1  1
0  8  0  1.23946   0.0156833   1  0  1  1

0  9  0  -5.00662   2.40054   1  0  1  1
0  9  0  0.200374   0.00642094   1  0  1  1

0  10  0  -5.00662   2.40054   1  0  1  1
0  10  0  1.71466   0.463592   1  0  1  1

0  11  0  -5.00662   2.40054   1  0  1  1
0  11  0  1.52071   0.599111   1  0  1  1

