0 0 0 -35887.01411 -13675.47125 -137.21 -35786.79636 -13675.97829 -137.21 11
0 1 0 -35786.79636 -13675.97829 -137.21 -35686.5825 -13676.47788 -137.21 11
0 2 0 -35686.5825 -13676.47788 -137.21 -35586.37253 -13676.97004 -137.21 11
0 3 0 -35586.37253 -13676.97004 -137.21 -35486.16646 -13677.45476 -137.21 11
0 4 0 -35486.16646 -13677.45476 -137.21 -35385.96427 -13677.93204 -137.21 11
0 5 0 -35385.96427 -13677.93204 -137.21 -35285.76598 -13678.40188 -137.21 11
0 6 0 -35285.76598 -13678.40188 -137.21 -35185.57157 -13678.86429 -137.21 11
0 7 0 -35185.57157 -13678.86429 -137.21 -35085.38106 -13679.31925 -137.21 11
0 8 0 -35085.38106 -13679.31925 -137.21 -34985.19444 -13679.76677 -137.21 11
0 9 0 -34985.19444 -13679.76677 -137.21 -34885.01171 -13680.20685 -137.21 11
0 10 0 -34885.01171 -13680.20685 -137.21 -34784.83287 -13680.6395 -137.21 11
0 11 0 -34784.83287 -13680.6395 -137.21 -34684.65793 -13681.0647 -137.21 11
0 12 0 -34684.65793 -13681.0647 -137.21 -34584.48687 -13681.48246 -137.21 11
0 13 0 -34584.48687 -13681.48246 -137.21 -34484.31971 -13681.89279 -137.21 11
0 14 0 -34484.31971 -13681.89279 -137.21 -34384.15643 -13682.29568 -137.21 11
0 15 0 -34384.15643 -13682.29568 -137.21 -34283.99705 -13682.69112 -137.21 11
0 16 0 -34283.99705 -13682.69112 -137.21 -34183.84156 -13683.07913 -137.21 11
0 17 0 -34183.84156 -13683.07913 -137.21 -34083.68996 -13683.4597 -137.21 11
0 18 0 -34083.68996 -13683.4597 -137.21 -33983.54225 -13683.83283 -137.21 11
0 19 0 -33983.54225 -13683.83283 -137.21 -33883.39843 -13684.19851 -137.21 11
0 20 0 -33883.39843 -13684.19851 -137.21 -33783.25851 -13684.55676 -137.21 11
0 21 0 -33783.25851 -13684.55676 -137.21 -33683.12247 -13684.90757 -137.21 11
0 22 0 -33683.12247 -13684.90757 -137.21 -33582.99033 -13685.25094 -137.21 11
0 23 0 -33582.99033 -13685.25094 -137.21 -33482.86208 -13685.58687 -137.21 11
0 24 0 -33482.86208 -13685.58687 -137.21 -33382.73772 -13685.91537 -137.21 11
0 25 0 -33382.73772 -13685.91537 -137.21 -33282.61725 -13686.23642 -137.21 11
0 26 0 -33282.61725 -13686.23642 -137.21 -33182.50067 -13686.55003 -137.21 11
0 27 0 -33182.50067 -13686.55003 -137.21 -33082.38798 -13686.8562 -137.21 11
0 28 0 -33082.38798 -13686.8562 -137.21 -32982.27918 -13687.15494 -137.21 11
0 29 0 -32982.27918 -13687.15494 -137.21 -32882.17428 -13687.44623 -137.21 11
0 30 0 -32882.17428 -13687.44623 -137.21 -32782.07327 -13687.73009 -137.21 11
0 31 0 -32782.07327 -13687.73009 -137.21 -32681.97614 -13688.0065 -137.21 11
0 32 0 -32681.97614 -13688.0065 -137.21 -32581.88291 -13688.27548 -137.21 11
0 33 0 -32581.88291 -13688.27548 -137.21 -32481.79357 -13688.53702 -137.21 11
0 34 0 -32481.79357 -13688.53702 -137.21 -32381.70812 -13688.79111 -137.21 11
0 35 0 -32381.70812 -13688.79111 -137.21 -32281.62657 -13689.03777 -137.21 11
0 36 0 -32281.62657 -13689.03777 -137.21 -32181.5489 -13689.27699 -137.21 11
0 37 0 -32181.5489 -13689.27699 -137.21 -32081.47513 -13689.50877 -137.21 11
0 38 0 -32081.47513 -13689.50877 -137.21 -31981.40524 -13689.73311 -137.21 11
0 39 0 -31981.40524 -13689.73311 -137.21 -31881.33925 -13689.95001 -137.21 11
0 40 0 -31881.33925 -13689.95001 -137.21 -31781.27715 -13690.15947 -137.21 11
0 41 0 -31781.27715 -13690.15947 -137.21 -31681.21894 -13690.36149 -137.21 11
0 42 0 -31681.21894 -13690.36149 -137.21 -31581.16462 -13690.55607 -137.21 11
0 43 0 -31581.16462 -13690.55607 -137.21 -31481.11419 -13690.74322 -137.21 11
0 44 0 -31481.11419 -13690.74322 -137.21 -31381.06766 -13690.92292 -137.21 11
0 45 0 -31381.06766 -13690.92292 -137.21 -31281.02501 -13691.09518 -137.21 11
0 46 0 -31281.02501 -13691.09518 -137.21 -31180.98626 -13691.26001 -137.21 11
0 47 0 -31180.98626 -13691.26001 -137.21 -31080.9514 -13691.41739 -137.21 11
0 48 0 -31080.9514 -13691.41739 -137.21 -30980.92042 -13691.56734 -137.21 11
0 49 0 -30980.92042 -13691.56734 -137.21 -30880.89334 -13691.70985 -137.21 11
0 50 0 -30880.89334 -13691.70985 -137.21 -30780.87016 -13691.84491 -137.21 11
0 51 0 -30780.87016 -13691.84491 -137.21 -30680.85086 -13691.97254 -137.21 11
0 52 0 -30680.85086 -13691.97254 -137.21 -30580.83545 -13692.09273 -137.21 11
0 53 0 -30580.83545 -13692.09273 -137.21 -30480.82394 -13692.20548 -137.21 11
0 54 0 -30480.82394 -13692.20548 -137.21 -30380.81631 -13692.31078 -137.21 11
0 55 0 -30380.81631 -13692.31078 -137.21 -30280.81258 -13692.40865 -137.21 11
0 56 0 -30280.81258 -13692.40865 -137.21 -30180.81274 -13692.49908 -137.21 11
0 57 0 -30180.81274 -13692.49908 -137.21 -30080.81679 -13692.58207 -137.21 11
0 58 0 -30080.81679 -13692.58207 -137.21 -29980.82473 -13692.65763 -137.21 11
0 59 0 -29980.82473 -13692.65763 -137.21 -29880.83656 -13692.72574 -137.21 11
0 60 0 -29880.83656 -13692.72574 -137.21 -29780.85229 -13692.78641 -137.21 11
0 61 0 -29780.85229 -13692.78641 -137.21 -29680.8719 -13692.83964 -137.21 11
0 62 0 -29680.8719 -13692.83964 -137.21 -29580.89541 -13692.88544 -137.21 11
0 63 0 -29580.89541 -13692.88544 -137.21 -29480.9228 -13692.92379 -137.21 11
0 64 0 -29480.9228 -13692.92379 -137.21 -29380.95409 -13692.95471 -137.21 11
0 65 0 -29380.95409 -13692.95471 -137.21 -29280.98927 -13692.97818 -137.21 11
0 66 0 -29280.98927 -13692.97818 -137.21 -29181.02834 -13692.99422 -137.21 11
0 67 0 -29181.02834 -13692.99422 -137.21 -29081.07131 -13693.00281 -137.21 11
0 68 0 -29081.07131 -13693.00281 -137.21 -28981.11816 -13693.00397 -137.21 11
0 69 0 -28981.11816 -13693.00397 -137.21 -28881.1689 -13692.99769 -137.21 11
0 70 0 -28881.1689 -13692.99769 -137.21 -28781.22354 -13692.98397 -137.21 11
0 71 0 -28781.22354 -13692.98397 -137.21 -28681.28207 -13692.96281 -137.21 11
0 72 0 -28681.28207 -13692.96281 -137.21 -28581.34449 -13692.9342 -137.21 11
0 73 0 -28581.34449 -13692.9342 -137.21 -28481.4108 -13692.89816 -137.21 11
0 74 0 -28481.4108 -13692.89816 -137.21 -28381.481 -13692.85468 -137.21 11
0 75 0 -28381.481 -13692.85468 -137.21 -28281.55509 -13692.80377 -137.21 11
0 76 0 -28281.55509 -13692.80377 -137.21 -28181.63307 -13692.74541 -137.21 11
0 77 0 -28181.63307 -13692.74541 -137.21 -28081.71495 -13692.67961 -137.21 11
0 78 0 -28081.71495 -13692.67961 -137.21 -27981.80071 -13692.60637 -137.21 11
0 79 0 -27981.80071 -13692.60637 -137.21 -27881.89037 -13692.5257 -137.21 11
0 80 0 -27881.89037 -13692.5257 -137.21 -27781.98392 -13692.43758 -137.21 11
0 81 0 -27781.98392 -13692.43758 -137.21 -27682.08136 -13692.34202 -137.21 11
0 82 0 -27682.08136 -13692.34202 -137.21 -27582.18269 -13692.23903 -137.21 11
0 83 0 -27582.18269 -13692.23903 -137.21 -27482.28791 -13692.1286 -137.21 11
0 84 0 -27482.28791 -13692.1286 -137.21 -27382.39702 -13692.01072 -137.21 11
0 85 0 -27382.39702 -13692.01072 -137.21 -27282.51003 -13691.88541 -137.21 11
0 86 0 -27282.51003 -13691.88541 -137.21 -27182.62692 -13691.75266 -137.21 11
0 87 0 -27182.62692 -13691.75266 -137.21 -27082.74771 -13691.61246 -137.21 11
0 88 0 -27082.74771 -13691.61246 -137.21 -26982.87239 -13691.46483 -137.21 11
0 89 0 -26982.87239 -13691.46483 -137.21 -26883.00096 -13691.30976 -137.21 11
0 90 0 -26883.00096 -13691.30976 -137.21 -26783.13342 -13691.14725 -137.21 11
0 91 0 -26783.13342 -13691.14725 -137.21 -26683.26977 -13690.9773 -137.21 11
0 92 0 -26683.26977 -13690.9773 -137.21 -26583.41002 -13690.79991 -137.21 11
0 93 0 -26583.41002 -13690.79991 -137.21 -26483.55415 -13690.61508 -137.21 11
0 94 0 -26483.55415 -13690.61508 -137.21 -26383.70218 -13690.42282 -137.21 11
0 95 0 -26383.70218 -13690.42282 -137.21 -26283.85409 -13690.22311 -137.21 11
0 96 0 -26283.85409 -13690.22311 -137.21 -26184.0099 -13690.01596 -137.21 11
0 97 0 -26184.0099 -13690.01596 -137.21 -26084.1696 -13689.80138 -137.21 11
0 98 0 -26084.1696 -13689.80138 -137.21 -25984.33319 -13689.57935 -137.21 11
0 99 0 -25984.33319 -13689.57935 -137.21 -25884.50067 -13689.34989 -137.21 11
0 100 0 -25884.50067 -13689.34989 -137.21 -25784.67205 -13689.11298 -137.21 11
0 101 0 -25784.67205 -13689.11298 -137.21 -25684.84731 -13688.86864 -137.21 11
0 102 0 -25684.84731 -13688.86864 -137.21 -25585.02647 -13688.61685 -137.21 11
0 103 0 -25585.02647 -13688.61685 -137.21 -25485.20951 -13688.35763 -137.21 11
0 104 0 -25485.20951 -13688.35763 -137.21 -25385.39645 -13688.09097 -137.21 11
0 105 0 -25385.39645 -13688.09097 -137.21 -25285.58728 -13687.81687 -137.21 11
0 106 0 -25285.58728 -13687.81687 -137.21 -25185.782 -13687.53533 -137.21 11
0 107 0 -25185.782 -13687.53533 -137.21 -25085.98061 -13687.24635 -137.21 11
0 108 0 -25085.98061 -13687.24635 -137.21 -24986.18312 -13686.94993 -137.21 11
0 109 0 -24986.18312 -13686.94993 -137.21 -24886.38951 -13686.64607 -137.21 11
0 110 0 -24886.38951 -13686.64607 -137.21 -24786.5998 -13686.33477 -137.21 11
0 111 0 -24786.5998 -13686.33477 -137.21 -24686.81397 -13686.01603 -137.21 11
0 112 0 -24686.81397 -13686.01603 -137.21 -24587.03204 -13685.68985 -137.21 11
0 113 0 -24587.03204 -13685.68985 -137.21 -24487.254 -13685.35624 -137.21 11
0 114 0 -24487.254 -13685.35624 -137.21 -24387.47985 -13685.01518 -137.21 11
0 115 0 -24387.47985 -13685.01518 -137.21 -24287.70959 -13684.66668 -137.21 11
0 116 0 -24287.70959 -13684.66668 -137.21 -24187.94323 -13684.31075 -137.21 11
0 117 0 -24187.94323 -13684.31075 -137.21 -24088.18075 -13683.94737 -137.21 11
0 118 0 -24088.18075 -13683.94737 -137.21 -23988.42216 -13683.57656 -137.21 11
0 119 0 -23988.42216 -13683.57656 -137.21 -23888.66747 -13683.19831 -137.21 11
0 120 0 -23888.66747 -13683.19831 -137.21 -23788.91667 -13682.81261 -137.21 11
0 121 0 -23788.91667 -13682.81261 -137.21 -23689.16976 -13682.41948 -137.21 11
0 122 0 -23689.16976 -13682.41948 -137.21 -23589.42674 -13682.01891 -137.21 11
0 123 0 -23589.42674 -13682.01891 -137.21 -23489.68761 -13681.6109 -137.21 11
0 124 0 -23489.68761 -13681.6109 -137.21 -23389.95237 -13681.19545 -137.21 11
0 125 0 -23389.95237 -13681.19545 -137.21 -23290.22103 -13680.77256 -137.21 11
0 126 0 -23290.22103 -13680.77256 -137.21 -23190.49357 -13680.34223 -137.21 11
0 127 0 -23190.49357 -13680.34223 -137.21 -23090.77001 -13679.90446 -137.21 11
0 128 0 -23090.77001 -13679.90446 -137.21 -22991.05034 -13679.45925 -137.21 11
0 129 0 -22991.05034 -13679.45925 -137.21 -22891.33456 -13679.0066 -137.21 11
0 130 0 -22891.33456 -13679.0066 -137.21 -22791.62267 -13678.54652 -137.21 11
0 131 0 -22791.62267 -13678.54652 -137.21 -22691.91467 -13678.07899 -137.21 11
0 132 0 -22691.91467 -13678.07899 -137.21 -22592.21056 -13677.60402 -137.21 11
0 133 0 -22592.21056 -13677.60402 -137.21 -22492.51035 -13677.12162 -137.21 11
0 134 0 -22492.51035 -13677.12162 -137.21 -22392.81402 -13676.63177 -137.21 11
0 135 0 -22392.81402 -13676.63177 -137.21 -22293.12159 -13676.13449 -137.21 11
0 136 0 -22293.12159 -13676.13449 -137.21 -22193.43305 -13675.62976 -137.21 11
0 137 0 -22193.43305 -13675.62976 -137.21 -22093.74839 -13675.1176 -137.21 11
0 138 0 -22093.74839 -13675.1176 -137.21 -21994.06763 -13674.598 -137.21 11
0 139 0 -21994.06763 -13674.598 -137.21 -21894.39077 -13674.07096 -137.21 11
0 140 0 -21894.39077 -13674.07096 -137.21 -21891.5667 -13572.16201 -137.21 11
0 141 0 -21891.5667 -13572.16201 -137.21 -21888.67592 -13470.22662 -137.21 11
0 142 0 -21888.67592 -13470.22662 -137.21 -21885.71842 -13368.26481 -137.21 11
0 143 0 -21885.71842 -13368.26481 -137.21 -21882.69421 -13266.27656 -137.21 11
0 144 0 -21882.69421 -13266.27656 -137.21 -21879.60327 -13164.26188 -137.21 11
0 145 0 -21879.60327 -13164.26188 -137.21 -21876.44562 -13062.22076 -137.21 11
0 146 0 -21876.44562 -13062.22076 -137.21 -21873.22126 -12960.15322 -137.21 11
0 147 0 -21873.22126 -12960.15322 -137.21 -21869.93017 -12858.05924 -137.21 11
0 148 0 -21869.93017 -12858.05924 -137.21 -21866.57237 -12755.93883 -137.21 11
0 149 0 -21866.57237 -12755.93883 -137.21 -21863.14785 -12653.79198 -137.21 11
0 150 0 -21863.14785 -12653.79198 -137.21 -21859.65661 -12551.61871 -137.21 11
0 151 0 -21859.65661 -12551.61871 -137.21 -21856.09866 -12449.419 -137.21 11
0 152 0 -21856.09866 -12449.419 -137.21 -21852.47399 -12347.19286 -137.21 11
0 153 0 -21852.47399 -12347.19286 -137.21 -21848.7826 -12244.94028 -137.21 11
0 154 0 -21848.7826 -12244.94028 -137.21 -21845.02449 -12142.66128 -137.21 11
0 155 0 -21845.02449 -12142.66128 -137.21 -21841.19967 -12040.35584 -137.21 11
0 156 0 -21841.19967 -12040.35584 -137.21 -21837.30813 -11938.02397 -137.21 11
0 157 0 -21837.30813 -11938.02397 -137.21 -21833.34987 -11835.66567 -137.21 11
0 158 0 -21833.34987 -11835.66567 -137.21 -21829.3249 -11733.28093 -137.21 11
0 159 0 -21829.3249 -11733.28093 -137.21 -21825.23321 -11630.86976 -137.21 11
0 160 0 -21825.23321 -11630.86976 -137.21 -21821.0748 -11528.43216 -137.21 11
0 161 0 -21821.0748 -11528.43216 -137.21 -21816.84967 -11425.96813 -137.21 11
0 162 0 -21816.84967 -11425.96813 -137.21 -21812.55783 -11323.47766 -137.21 11
0 163 0 -21812.55783 -11323.47766 -137.21 -21808.19927 -11220.96076 -137.21 11
0 164 0 -21808.19927 -11220.96076 -137.21 -21803.77399 -11118.41743 -137.21 11
0 165 0 -21803.77399 -11118.41743 -137.21 -21799.28199 -11015.84767 -137.21 11
0 166 0 -21799.28199 -11015.84767 -137.21 -21794.72328 -10913.25148 -137.21 11
0 167 0 -21794.72328 -10913.25148 -137.21 -21790.09785 -10810.62885 -137.21 11
0 168 0 -21790.09785 -10810.62885 -137.21 -21785.4057 -10707.97979 -137.21 11
0 169 0 -21785.4057 -10707.97979 -137.21 -21780.64684 -10605.30429 -137.21 11
0 170 0 -21780.64684 -10605.30429 -137.21 -21775.82126 -10502.60237 -137.21 11
0 171 0 -21775.82126 -10502.60237 -137.21 -21770.92896 -10399.87401 -137.21 11
0 172 0 -21770.92896 -10399.87401 -137.21 -21765.96994 -10297.11922 -137.21 11
0 173 0 -21765.96994 -10297.11922 -137.21 -21760.94421 -10194.338 -137.21 11
0 174 0 -21760.94421 -10194.338 -137.21 -21755.85175 -10091.53034 -137.21 11
0 175 0 -21755.85175 -10091.53034 -137.21 -21750.69259 -9988.696255 -137.21 11
0 176 0 -21750.69259 -9988.696255 -137.21 -21745.4667 -9885.835735 -137.21 11
0 177 0 -21745.4667 -9885.835735 -137.21 -21740.1741 -9782.948783 -137.21 11
0 178 0 -21740.1741 -9782.948783 -137.21 -21734.81478 -9680.035398 -137.21 11
0 179 0 -21734.81478 -9680.035398 -137.21 -21729.38874 -9577.09558 -137.21 11
0 180 0 -21729.38874 -9577.09558 -137.21 -21723.89599 -9474.12933 -137.21 11
0 181 0 -21723.89599 -9474.12933 -137.21 -21718.33651 -9371.136648 -137.21 11
0 182 0 -21718.33651 -9371.136648 -137.21 -21712.71032 -9268.117533 -137.21 11
0 183 0 -21712.71032 -9268.117533 -137.21 -21707.01742 -9165.071986 -137.21 11
0 184 0 -21707.01742 -9165.071986 -137.21 -21701.25779 -9062.000006 -137.21 11
0 185 0 -21701.25779 -9062.000006 -137.21 -21695.43145 -8958.901593 -137.21 11
0 186 0 -21695.43145 -8958.901593 -137.21 -21689.53839 -8855.776749 -137.21 11
0 187 0 -21689.53839 -8855.776749 -137.21 -21683.57862 -8752.625472 -137.21 11
0 188 0 -21683.57862 -8752.625472 -137.21 -21677.55213 -8649.447762 -137.21 11
0 189 0 -21677.55213 -8649.447762 -137.21 -21671.45892 -8546.24362 -137.21 11
0 190 0 -21671.45892 -8546.24362 -137.21 -21771.37911 -8547.114581 -137.21 11
0 191 0 -21771.37911 -8547.114581 -137.21 -21871.3032 -8547.978103 -137.21 11
0 192 0 -21871.3032 -8547.978103 -137.21 -21971.23118 -8548.834186 -137.21 11
0 193 0 -21971.23118 -8548.834186 -137.21 -22071.16305 -8549.682829 -137.21 11
0 194 0 -22071.16305 -8549.682829 -137.21 -22171.09881 -8550.524032 -137.21 11
0 195 0 -22171.09881 -8550.524032 -137.21 -22271.03847 -8551.357797 -137.21 11
0 196 0 -22271.03847 -8551.357797 -137.21 -22370.98201 -8552.184122 -137.21 11
0 197 0 -22370.98201 -8552.184122 -137.21 -22470.92945 -8553.003007 -137.21 11
0 198 0 -22470.92945 -8553.003007 -137.21 -22570.88077 -8553.814453 -137.21 11
0 199 0 -22570.88077 -8553.814453 -137.21 -22670.83599 -8554.61846 -137.21 11
0 200 0 -22670.83599 -8554.61846 -137.21 -22770.7951 -8555.415027 -137.21 11
0 201 0 -22770.7951 -8555.415027 -137.21 -22870.7581 -8556.204155 -137.21 11
0 202 0 -22870.7581 -8556.204155 -137.21 -22970.72499 -8556.985843 -137.21 11
0 203 0 -22970.72499 -8556.985843 -137.21 -23070.69578 -8557.760092 -137.21 11
0 204 0 -23070.69578 -8557.760092 -137.21 -23170.67045 -8558.526901 -137.21 11
0 205 0 -23170.67045 -8558.526901 -137.21 -23270.64902 -8559.286271 -137.21 11
0 206 0 -23270.64902 -8559.286271 -137.21 -23370.63147 -8560.038202 -137.21 11
0 207 0 -23370.63147 -8560.038202 -137.21 -23470.61782 -8560.782693 -137.21 11
0 208 0 -23470.61782 -8560.782693 -137.21 -23570.60806 -8561.519745 -137.21 11
0 209 0 -23570.60806 -8561.519745 -137.21 -23670.60219 -8562.249358 -137.21 11
0 210 0 -23670.60219 -8562.249358 -137.21 -23770.60021 -8562.97153 -137.21 11
0 211 0 -23770.60021 -8562.97153 -137.21 -23870.60213 -8563.686264 -137.21 11
0 212 0 -23870.60213 -8563.686264 -137.21 -23970.60793 -8564.393558 -137.21 11
0 213 0 -23970.60793 -8564.393558 -137.21 -24070.61763 -8565.093413 -137.21 11
0 214 0 -24070.61763 -8565.093413 -137.21 -24170.63121 -8565.785828 -137.21 11
0 215 0 -24170.63121 -8565.785828 -137.21 -24270.64869 -8566.470804 -137.21 11
0 216 0 -24270.64869 -8566.470804 -137.21 -24370.67006 -8567.14834 -137.21 11
0 217 0 -24370.67006 -8567.14834 -137.21 -24470.69532 -8567.818437 -137.21 11
0 218 0 -24470.69532 -8567.818437 -137.21 -24570.72447 -8568.481095 -137.21 11
0 219 0 -24570.72447 -8568.481095 -137.21 -24670.75752 -8569.136313 -137.21 11
0 220 0 -24670.75752 -8569.136313 -137.21 -24770.79445 -8569.784092 -137.21 11
0 221 0 -24770.79445 -8569.784092 -137.21 -24870.83528 -8570.424431 -137.21 11
0 222 0 -24870.83528 -8570.424431 -137.21 -24970.87999 -8571.057331 -137.21 11
0 223 0 -24970.87999 -8571.057331 -137.21 -25070.9286 -8571.682791 -137.21 11
0 224 0 -25070.9286 -8571.682791 -137.21 -25170.9811 -8572.300812 -137.21 11
0 225 0 -25170.9811 -8572.300812 -137.21 -25271.03749 -8572.911394 -137.21 11
0 226 0 -25271.03749 -8572.911394 -137.21 -25371.09777 -8573.514536 -137.21 11
0 227 0 -25371.09777 -8573.514536 -137.21 -25471.16194 -8574.110239 -137.21 11
0 228 0 -25471.16194 -8574.110239 -137.21 -25571.23001 -8574.698502 -137.21 11
0 229 0 -25571.23001 -8574.698502 -137.21 -25671.30196 -8575.279326 -137.21 11
0 230 0 -25671.30196 -8575.279326 -137.21 -25771.37781 -8575.852711 -137.21 11
0 231 0 -25771.37781 -8575.852711 -137.21 -25871.45755 -8576.418656 -137.21 11
0 232 0 -25871.45755 -8576.418656 -137.21 -25971.54118 -8576.977162 -137.21 11
0 233 0 -25971.54118 -8576.977162 -137.21 -26071.6287 -8577.528228 -137.21 11
0 234 0 -26071.6287 -8577.528228 -137.21 -26171.72011 -8578.071855 -137.21 11
0 235 0 -26171.72011 -8578.071855 -137.21 -26271.81541 -8578.608042 -137.21 11
0 236 0 -26271.81541 -8578.608042 -137.21 -26371.91461 -8579.13679 -137.21 11
0 237 0 -26371.91461 -8579.13679 -137.21 -26472.01769 -8579.658098 -137.21 11
0 238 0 -26472.01769 -8579.658098 -137.21 -26572.12467 -8580.171968 -137.21 11
0 239 0 -26572.12467 -8580.171968 -137.21 -26672.23554 -8580.678397 -137.21 11
0 240 0 -26672.23554 -8580.678397 -137.21 -26772.35029 -8581.177388 -137.21 11
0 241 0 -26772.35029 -8581.177388 -137.21 -26872.46895 -8581.668938 -137.21 11
0 242 0 -26872.46895 -8581.668938 -137.21 -26972.59149 -8582.15305 -137.21 11
0 243 0 -26972.59149 -8582.15305 -137.21 -27072.71792 -8582.629722 -137.21 11
0 244 0 -27072.71792 -8582.629722 -137.21 -27172.84824 -8583.098954 -137.21 11
0 245 0 -27172.84824 -8583.098954 -137.21 -27272.98246 -8583.560748 -137.21 11
0 246 0 -27272.98246 -8583.560748 -137.21 -27373.12056 -8584.015101 -137.21 11
0 247 0 -27373.12056 -8584.015101 -137.21 -27473.26256 -8584.462016 -137.21 11
0 248 0 -27473.26256 -8584.462016 -137.21 -27573.40845 -8584.901491 -137.21 11
0 249 0 -27573.40845 -8584.901491 -137.21 -27673.55823 -8585.333526 -137.21 11
0 250 0 -27673.55823 -8585.333526 -137.21 -27773.7119 -8585.758122 -137.21 11
0 251 0 -27773.7119 -8585.758122 -137.21 -27873.86947 -8586.175279 -137.21 11
0 252 0 -27873.86947 -8586.175279 -137.21 -27974.03092 -8586.584996 -137.21 11
0 253 0 -27974.03092 -8586.584996 -137.21 -28074.19626 -8586.987274 -137.21 11
0 254 0 -28074.19626 -8586.987274 -137.21 -28174.3655 -8587.382112 -137.21 11
0 255 0 -28174.3655 -8587.382112 -137.21 -28274.53863 -8587.769511 -137.21 11
0 256 0 -28274.53863 -8587.769511 -137.21 -28374.71565 -8588.149471 -137.21 11
0 257 0 -28374.71565 -8588.149471 -137.21 -28474.89656 -8588.521991 -137.21 11
0 258 0 -28474.89656 -8588.521991 -137.21 -28575.08136 -8588.887071 -137.21 11
0 259 0 -28575.08136 -8588.887071 -137.21 -28675.27005 -8589.244713 -137.21 11
0 260 0 -28675.27005 -8589.244713 -137.21 -28775.46263 -8589.594914 -137.21 11
0 261 0 -28775.46263 -8589.594914 -137.21 -28875.65911 -8589.937677 -137.21 11
0 262 0 -28875.65911 -8589.937677 -137.21 -28975.85948 -8590.273 -137.21 11
0 263 0 -28975.85948 -8590.273 -137.21 -29076.06373 -8590.600883 -137.21 11
0 264 0 -29076.06373 -8590.600883 -137.21 -29176.27188 -8590.921327 -137.21 11
0 265 0 -29176.27188 -8590.921327 -137.21 -29276.48392 -8591.234332 -137.21 11
0 266 0 -29276.48392 -8591.234332 -137.21 -29376.69985 -8591.539897 -137.21 11
0 267 0 -29376.69985 -8591.539897 -137.21 -29476.91968 -8591.838023 -137.21 11
0 268 0 -29476.91968 -8591.838023 -137.21 -29577.14339 -8592.12871 -137.21 11
0 269 0 -29577.14339 -8592.12871 -137.21 -29677.37099 -8592.411957 -137.21 11
0 270 0 -29677.37099 -8592.411957 -137.21 -29777.60249 -8592.687764 -137.21 11
0 271 0 -29777.60249 -8592.687764 -137.21 -29877.83788 -8592.956133 -137.21 11
0 272 0 -29877.83788 -8592.956133 -137.21 -29978.07716 -8593.217061 -137.21 11
0 273 0 -29978.07716 -8593.217061 -137.21 -30078.32033 -8593.470551 -137.21 11
0 274 0 -30078.32033 -8593.470551 -137.21 -30178.56739 -8593.716601 -137.21 11
0 275 0 -30178.56739 -8593.716601 -137.21 -30278.81834 -8593.955211 -137.21 11
0 276 0 -30278.81834 -8593.955211 -137.21 -30379.07318 -8594.186382 -137.21 11
0 277 0 -30379.07318 -8594.186382 -137.21 -30479.33192 -8594.410114 -137.21 11
0 278 0 -30479.33192 -8594.410114 -137.21 -30579.59454 -8594.626406 -137.21 11
0 279 0 -30579.59454 -8594.626406 -137.21 -30679.86106 -8594.835259 -137.21 11
0 280 0 -30679.86106 -8594.835259 -137.21 -30780.13147 -8595.036672 -137.21 11
0 281 0 -30780.13147 -8595.036672 -137.21 -30880.40577 -8595.230646 -137.21 11
0 282 0 -30880.40577 -8595.230646 -137.21 -30980.68396 -8595.417181 -137.21 11
0 283 0 -30980.68396 -8595.417181 -137.21 -31080.96604 -8595.596276 -137.21 11
0 284 0 -31080.96604 -8595.596276 -137.21 -31181.25202 -8595.767931 -137.21 11
0 285 0 -31181.25202 -8595.767931 -137.21 -31281.54188 -8595.932148 -137.21 11
0 286 0 -31281.54188 -8595.932148 -137.21 -31381.83564 -8596.088925 -137.21 11
0 287 0 -31381.83564 -8596.088925 -137.21 -31482.13329 -8596.238262 -137.21 11
0 288 0 -31482.13329 -8596.238262 -137.21 -31582.43482 -8596.38016 -137.21 11
0 289 0 -31582.43482 -8596.38016 -137.21 -31682.74025 -8596.514619 -137.21 11
0 290 0 -31682.74025 -8596.514619 -137.21 -31783.04957 -8596.641638 -137.21 11
0 291 0 -31783.04957 -8596.641638 -137.21 -31883.36279 -8596.761217 -137.21 11
0 292 0 -31883.36279 -8596.761217 -137.21 -31983.67989 -8596.873358 -137.21 11
0 293 0 -31983.67989 -8596.873358 -137.21 -32084.00088 -8596.978059 -137.21 11
0 294 0 -32084.00088 -8596.978059 -137.21 -32184.32577 -8597.07532 -137.21 11
0 295 0 -32184.32577 -8597.07532 -137.21 -32284.65455 -8597.165142 -137.21 11
0 296 0 -32284.65455 -8597.165142 -137.21 -32384.98722 -8597.247525 -137.21 11
0 297 0 -32384.98722 -8597.247525 -137.21 -32485.32378 -8597.322468 -137.21 11
0 298 0 -32485.32378 -8597.322468 -137.21 -32585.66423 -8597.389972 -137.21 11
0 299 0 -32585.66423 -8597.389972 -137.21 -32686.00857 -8597.450036 -137.21 11
0 300 0 -32686.00857 -8597.450036 -137.21 -32786.3568 -8597.502661 -137.21 11
0 301 0 -32786.3568 -8597.502661 -137.21 -32886.70893 -8597.547846 -137.21 11
0 302 0 -32886.70893 -8597.547846 -137.21 -32987.06494 -8597.585592 -137.21 11
0 303 0 -32987.06494 -8597.585592 -137.21 -33087.42485 -8597.615899 -137.21 11
0 304 0 -33087.42485 -8597.615899 -137.21 -33187.78865 -8597.638766 -137.21 11
0 305 0 -33187.78865 -8597.638766 -137.21 -33288.15634 -8597.654194 -137.21 11
0 306 0 -33288.15634 -8597.654194 -137.21 -33388.52792 -8597.662183 -137.21 11
0 307 0 -33388.52792 -8597.662183 -137.21 -33488.90339 -8597.662732 -137.21 11
0 308 0 -33488.90339 -8597.662732 -137.21 -33589.28275 -8597.655841 -137.21 11
0 309 0 -33589.28275 -8597.655841 -137.21 -33689.66601 -8597.641511 -137.21 11
0 310 0 -33689.66601 -8597.641511 -137.21 -33790.05315 -8597.619742 -137.21 11
0 311 0 -33790.05315 -8597.619742 -137.21 -33890.44419 -8597.590533 -137.21 11
0 312 0 -33890.44419 -8597.590533 -137.21 -33990.83912 -8597.553885 -137.21 11
0 313 0 -33990.83912 -8597.553885 -137.21 -34091.23794 -8597.509797 -137.21 11
0 314 0 -34091.23794 -8597.509797 -137.21 -34191.64065 -8597.45827 -137.21 11
0 315 0 -34191.64065 -8597.45827 -137.21 -34292.04725 -8597.399304 -137.21 11
0 316 0 -34292.04725 -8597.399304 -137.21 -34392.45774 -8597.332898 -137.21 11
0 317 0 -34392.45774 -8597.332898 -137.21 -34492.87213 -8597.259053 -137.21 11
0 318 0 -34492.87213 -8597.259053 -137.21 -34593.2904 -8597.177768 -137.21 11
0 319 0 -34593.2904 -8597.177768 -137.21 -34693.71257 -8597.089044 -137.21 11
0 320 0 -34693.71257 -8597.089044 -137.21 -34794.13863 -8596.992881 -137.21 11
0 321 0 -34794.13863 -8596.992881 -137.21 -34894.56858 -8596.889278 -137.21 11
0 322 0 -34894.56858 -8596.889278 -137.21 -34995.00242 -8596.778235 -137.21 11
0 323 0 -34995.00242 -8596.778235 -137.21 -35095.44015 -8596.659754 -137.21 11
0 324 0 -35095.44015 -8596.659754 -137.21 -35195.88177 -8596.533832 -137.21 11
0 325 0 -35195.88177 -8596.533832 -137.21 -35296.32729 -8596.400472 -137.21 11
0 326 0 -35296.32729 -8596.400472 -137.21 -35396.77669 -8596.259672 -137.21 11
0 327 0 -35396.77669 -8596.259672 -137.21 -35497.22999 -8596.111432 -137.21 11
0 328 0 -35497.22999 -8596.111432 -137.21 -35597.68718 -8595.955753 -137.21 11
0 329 0 -35597.68718 -8595.955753 -137.21 -35698.14826 -8595.792635 -137.21 11
0 330 0 -35698.14826 -8595.792635 -137.21 -35703.56015 -8698.033803 -137.21 11
0 331 0 -35703.56015 -8698.033803 -137.21 -35708.90532 -8800.248538 -137.21 11
0 332 0 -35708.90532 -8800.248538 -137.21 -35714.18378 -8902.43684 -137.21 11
0 333 0 -35714.18378 -8902.43684 -137.21 -35719.39552 -9004.598711 -137.21 11
0 334 0 -35719.39552 -9004.598711 -137.21 -35724.54054 -9106.734149 -137.21 11
0 335 0 -35724.54054 -9106.734149 -137.21 -35729.61884 -9208.843154 -137.21 11
0 336 0 -35729.61884 -9208.843154 -137.21 -35734.63043 -9310.925727 -137.21 11
0 337 0 -35734.63043 -9310.925727 -137.21 -35739.5753 -9412.981867 -137.21 11
0 338 0 -35739.5753 -9412.981867 -137.21 -35744.45345 -9515.011575 -137.21 11
0 339 0 -35744.45345 -9515.011575 -137.21 -35749.26488 -9617.014851 -137.21 11
0 340 0 -35749.26488 -9617.014851 -137.21 -35754.0096 -9718.991694 -137.21 11
0 341 0 -35754.0096 -9718.991694 -137.21 -35758.6876 -9820.942104 -137.21 11
0 342 0 -35758.6876 -9820.942104 -137.21 -35763.29888 -9922.866082 -137.21 11
0 343 0 -35763.29888 -9922.866082 -137.21 -35767.84345 -10024.76363 -137.21 11
0 344 0 -35767.84345 -10024.76363 -137.21 -35772.3213 -10126.63474 -137.21 11
0 345 0 -35772.3213 -10126.63474 -137.21 -35776.73243 -10228.47942 -137.21 11
0 346 0 -35776.73243 -10228.47942 -137.21 -35781.07684 -10330.29767 -137.21 11
0 347 0 -35781.07684 -10330.29767 -137.21 -35785.35454 -10432.08949 -137.21 11
0 348 0 -35785.35454 -10432.08949 -137.21 -35789.56552 -10533.85487 -137.21 11
0 349 0 -35789.56552 -10533.85487 -137.21 -35793.70978 -10635.59382 -137.21 11
0 350 0 -35793.70978 -10635.59382 -137.21 -35797.78733 -10737.30634 -137.21 11
0 351 0 -35797.78733 -10737.30634 -137.21 -35801.79815 -10838.99242 -137.21 11
0 352 0 -35801.79815 -10838.99242 -137.21 -35805.74226 -10940.65208 -137.21 11
0 353 0 -35805.74226 -10940.65208 -137.21 -35809.61966 -11042.2853 -137.21 11
0 354 0 -35809.61966 -11042.2853 -137.21 -35813.43033 -11143.89209 -137.21 11
0 355 0 -35813.43033 -11143.89209 -137.21 -35817.17429 -11245.47244 -137.21 11
0 356 0 -35817.17429 -11245.47244 -137.21 -35820.85153 -11347.02637 -137.21 11
0 357 0 -35820.85153 -11347.02637 -137.21 -35824.46206 -11448.55386 -137.21 11
0 358 0 -35824.46206 -11448.55386 -137.21 -35828.00586 -11550.05492 -137.21 11
0 359 0 -35828.00586 -11550.05492 -137.21 -35831.48295 -11651.52954 -137.21 11
0 360 0 -35831.48295 -11651.52954 -137.21 -35834.89332 -11752.97774 -137.21 11
0 361 0 -35834.89332 -11752.97774 -137.21 -35838.23698 -11854.3995 -137.21 11
0 362 0 -35838.23698 -11854.3995 -137.21 -35841.51392 -11955.79483 -137.21 11
0 363 0 -35841.51392 -11955.79483 -137.21 -35844.72414 -12057.16372 -137.21 11
0 364 0 -35844.72414 -12057.16372 -137.21 -35847.86764 -12158.50619 -137.21 11
0 365 0 -35847.86764 -12158.50619 -137.21 -35850.94443 -12259.82222 -137.21 11
0 366 0 -35850.94443 -12259.82222 -137.21 -35853.95449 -12361.11182 -137.21 11
0 367 0 -35853.95449 -12361.11182 -137.21 -35856.89785 -12462.37498 -137.21 11
0 368 0 -35856.89785 -12462.37498 -137.21 -35859.77448 -12563.61172 -137.21 11
0 369 0 -35859.77448 -12563.61172 -137.21 -35862.5844 -12664.82202 -137.21 11
0 370 0 -35862.5844 -12664.82202 -137.21 -35865.3276 -12766.00589 -137.21 11
0 371 0 -35865.3276 -12766.00589 -137.21 -35868.00408 -12867.16332 -137.21 11
0 372 0 -35868.00408 -12867.16332 -137.21 -35870.61384 -12968.29433 -137.21 11
0 373 0 -35870.61384 -12968.29433 -137.21 -35873.15689 -13069.3989 -137.21 11
0 374 0 -35873.15689 -13069.3989 -137.21 -35875.63322 -13170.47704 -137.21 11
0 375 0 -35875.63322 -13170.47704 -137.21 -35878.04283 -13271.52875 -137.21 11
0 376 0 -35878.04283 -13271.52875 -137.21 -35880.38573 -13372.55402 -137.21 11
0 377 0 -35880.38573 -13372.55402 -137.21 -35882.66191 -13473.55286 -137.21 11
0 378 0 -35882.66191 -13473.55286 -137.21 -35884.87137 -13574.52527 -137.21 11
0 379 0 -35884.87137 -13574.52527 -137.21 -35887.01411 -13675.47125 -137.21 11
