0.00000     0    0      -27883.3      -10061.8      -70.5374  -1.00000e+08
0.00000     1    0      -27575.8      -10601.0      -70.3159  -1.00000e+08
0.00000     2    0      -27572.8      -11196.8      -69.5547  -1.00000e+08
0.00000     3    0      -27032.6      -11016.5      -69.9965  -1.00000e+08
0.00000     4    0      -26956.6      -11620.2      -70.3897  -1.00000e+08
0.00000     5    0      -26189.8      -11721.5      -70.1736  -1.00000e+08
0.00000     6    0      -25710.4      -12152.2      -71.2778  -1.00000e+08
0.00000     7    0      -25154.8      -12647.2      -70.5491  -1.00000e+08
0.00000     8    0      -23893.7      -12689.5      -70.5134  -1.00000e+08
0.00000     9    0      -26538.8      -11207.5      -70.6858  -1.00000e+08

