# Harvard square area:

-33715.3	-9466.34	325537.256593	4693437.38117
-33858.8	-9491.25	325392.222856	4693412.29532
-33992.3	-9577.02	325256.144892	4693324.33364
-33663.9	-9714.2		325578.515727	4693182.95491

# BU bridge area:

# -33032.6	-11813.2	326130.178817	4691049.46443
-32914.4	-11983.4	326237.030584	4690871.81169
-33195.1	-11906.1	325957.863169	4690950.96768
-33008		-12095.9	326138.742891	4690758.20208

# MIT athletic field area:

-31713.4	-11173		327468.395648	4691695.36655
-31902.2	-11314.3	327273.47723	4691551.40903
-31774.9	-11276.8	327402.296652	4691586.19439
-32014.9	-11264.2	327161.41514	4691602.01418

# Downtown pier area:

-28050.2	-10127.9	331183.486874	4692768.01643
-28124.5	-10071.6	331111.138871	4692823.77272
-28195.5	-10034.7	331041.097296	4692861.26486
-27923.8	-10515.8	331293.616656	4692371.23863

# Airport harbor area:

-26060		-10775.7	333143.780623	4692110.22699
-25964.8	-10565.5	333247.102518	4692325.6547
-26141.8	-10553		333071.848851	4692337.85695
-25982.7	-10631.8	333227.473674	4692260.69363

# Southern docks area

-25778.9	-12702.8	333347.814121	4690143.12517
-26024.5	-12435.8	333114.110836	4690414.10828
-26526.7	-12185.3	332621.577339	4690668.75276
-26652.1	-12147.2	332498.757635	4690711.81123
