# Time   PolyLine_ID   Passnumber   U  V   R G B A

# MIT Coop

0  5  0  0.527664  0.721056  1  1  1  1 
0  5  0  0.598662  0.712303  1  1  1  1 
0  5  0  0.599206  0.718316  1  1  1  1 
0  5  0  0.605829  0.717713  1  1  1  1 
0  5  0  0.610346  0.756478  1  1  1  1 
0  5  0  0.533398  0.766043  1  1  1  1 

# Mariott Hotel

0  6  0  0.637983  0.778474  1  1  1  1 
0  6  0  0.661257  0.775699  1  1  1  1 
0  6  0  0.662458  0.785939  1  1  1  1 
0  6  0  0.639045  0.788728  1  1  1  1 
0  1006  0  0.614279  0.791986  1  1  1  1 
0  1006  0  0.613191  0.781248  1  1  1  1 
0  1006  0  0.620525  0.780609  1  1  1  1 
0  1006  0  0.619809  0.772799  1  1  1  1 
0  1006  0  0.625797  0.772256  1  1  1  1 
0  1006  0  0.625933  0.77447  1  1  1  1 
0  1006  0  0.63187  0.774043  1  1  1  1 
0  1006  0  0.632011  0.776468  1  1  1  1 
0  1006  0  0.638035  0.776129  1  1  1  1 
0  1006  0  0.638197  0.777806  1  1  1  1 
0  1006  0  0.637369  0.777908  1  1  1  1 
0  1006  0  0.638776  0.788813  1  1  1  1 
0  1006  0  0.662594  0.786007  1  1  1  1 
0  1006  0  0.661549  0.775527  1  1  1  1 
0  1006  0  0.660622  0.775575  1  1  1  1 
0  1006  0  0.66035  0.772952  1  1  1  1 
0  1006  0  0.66589  0.772139  1  1  1  1 
0  1006  0  0.665625  0.769584  1  1  1  1 
0  1006  0  0.671307  0.768959  1  1  1  1 
0  1006  0  0.67104  0.766183  1  1  1  1 
0  1006  0  0.677561  0.765578  1  1  1  1 
0  1006  0  0.679433  0.781202  1  1  1  1 
0  1006  0  0.673714  0.781796  1  1  1  1 
0  1006  0  0.6738  0.784657  1  1  1  1 
0  1006  0  0.668467  0.784952  1  1  1  1 
0  1006  0  0.668576  0.787745  1  1  1  1 
0  1006  0  0.662939  0.788307  1  1  1  1 
0  1006  0  0.663175  0.791142  1  1  1  1 
0  1006  0  0.65742  0.791575  1  1  1  1 
0  1006  0  0.657629  0.794323  1  1  1  1 
0  1006  0  0.64588  0.795656  1  1  1  1 
0  1006  0  0.645617  0.793476  1  1  1  1 
0  1006  0  0.63978  0.79388  1  1  1  1 
0  1006  0  0.639621  0.791547  1  1  1  1 
0  1006  0  0.633882  0.792116  1  1  1  1 
0  1006  0  0.633629  0.78993  1  1  1  1 
0  1006  0  0.627574  0.790165  1  1  1  1 
0  1006  0  0.627183  0.785525  1  1  1  1 
0  1006  0  0.621876  0.785968  1  1  1  1 
0  1006  0  0.62222  0.791152  1  1  1  1 
0  2006  0  0.614576  0.780636  1  1  1  1 
0  2006  0  0.614484  0.779133  1  1  1  1 
0  2006  0  0.611017  0.779338  1  1  1  1 
0  2006  0  0.610874  0.776863  1  1  1  1 
0  2006  0  0.614175  0.776628  1  1  1  1 
0  2006  0  0.613597  0.769027  1  1  1  1 
0  2006  0  0.625292  0.767693  1  1  1  1 
0  2006  0  0.625509  0.769952  1  1  1  1 
0  2006  0  0.631359  0.769612  1  1  1  1 
0  2006  0  0.631464  0.771592  1  1  1  1 
0  2006  0  0.637332  0.771335  1  1  1  1 
0  2006  0  0.637385  0.7735  1  1  1  1 
0  2006  0  0.643559  0.773239  1  1  1  1 
0  2006  0  0.643797  0.776718  1  1  1  1 
0  2006  0  0.638427  0.777079  1  1  1  1 
0  2006  0  0.638368  0.775924  1  1  1  1 
0  2006  0  0.632364  0.776056  1  1  1  1 
0  2006  0  0.632287  0.774123  1  1  1  1 
0  2006  0  0.626331  0.774328  1  1  1  1 
0  2006  0  0.626242  0.772146  1  1  1  1 
0  2006  0  0.6194  0.772475  1  1  1  1 
0  2006  0  0.620094  0.779819  1  1  1  1 
0  3006 0  0.655256  0.775154  1  1  1  1 
0  3006 0  0.655028  0.771415  1  1  1  1 
0  3006 0  0.660168  0.771183  1  1  1  1 
0  3006 0  0.660008  0.768189  1  1  1  1 
0  3006 0  0.665449  0.767824  1  1  1  1 
0  3006 0  0.665229  0.764767  1  1  1  1 
0  3006 0  0.671188  0.76426  1  1  1  1 
0  3006 0  0.671062  0.76155  1  1  1  1 
0  3006 0  0.682732  0.760429  1  1  1  1 
0  3006 0  0.682791  0.76232  1  1  1  1 
0  3006 0  0.688047  0.762045  1  1  1  1 
0  3006 0  0.689364  0.774926  1  1  1  1 
0  3006 0  0.684868  0.775454  1  1  1  1 
0  3006 0  0.685575  0.783197  1  1  1  1 
0  3006 0  0.679839  0.783813  1  1  1  1 
0  3006 0  0.679981  0.7866  1  1  1  1 
0  3006 0  0.674503  0.786974  1  1  1  1 
0  3006 0  0.674635  0.78995  1  1  1  1 
0  3006 0  0.669034  0.790297  1  1  1  1 
0  3006 0  0.66917  0.792792  1  1  1  1 
0  3006 0  0.663328  0.79334  1  1  1  1 
0  3006 0  0.663668  0.796265  1  1  1  1 
0  3006 0  0.657806  0.796994  1  1  1  1 
0  3006 0  0.658123  0.79943  1  1  1  1 
0  3006 0  0.646537  0.800656  1  1  1  1 
0  3006 0  0.646401  0.798854  1  1  1  1 
0  3006 0  0.640653  0.79927  1  1  1  1 
0  3006 0  0.640438  0.796844  1  1  1  1 
0  3006 0  0.634741  0.797305  1  1  1  1 
0  3006 0  0.634546  0.79529  1  1  1  1 
0  3006 0  0.62845  0.795484  1  1  1  1 
0  3006 0  0.628418  0.7931  1  1  1  1 
0  3006 0  0.626879  0.793078  1  1  1  1 
0  3006 0  0.626751  0.790654  1  1  1  1 
0  3006 0  0.63288  0.790064  1  1  1  1 
0  3006 0  0.633078  0.792079  1  1  1  1 
0  3006 0  0.639672  0.791574  1  1  1  1 
0  3006 0  0.639783  0.793936  1  1  1  1 
0  3006 0  0.645708  0.79344  1  1  1  1 
0  3006 0  0.64586  0.795745  1  1  1  1 
0  3006 0  0.657546  0.794457  1  1  1  1 
0  3006 0  0.657497  0.79197  1  1  1  1 
0  3006 0  0.663158  0.791258  1  1  1  1 
0  3006 0  0.662944  0.788564  1  1  1  1 
0  3006 0  0.668498  0.788046  1  1  1  1 
0  3006 0  0.668502  0.7853  1  1  1  1 
0  3006 0  0.673761  0.784773  1  1  1  1 
0  3006 0  0.673738  0.78218  1  1  1  1 
0  3006 0  0.679402  0.781667  1  1  1  1 
0  3006 0  0.677956  0.76525  1  1  1  1 
0  3006 0  0.67089  0.765973  1  1  1  1 
0  3006 0  0.671001  0.768213  1  1  1  1 
0  3006 0  0.665666  0.768869  1  1  1  1 
0  3006 0  0.665686  0.771839  1  1  1  1 
0  3006 0  0.660187  0.77235  1  1  1  1 
0  3006 0  0.660158  0.774845  1  1  1  1 

# Marriott complex triangular building

0  7  0  0.698825  0.6998  1  1  1  1 
0  7  0  0.77835  0.68985  1  1  1  1 
0  7  0  0.781945  0.721582  1  1  1  1 
0  7  0  0.770997  0.72275  1  1  1  1 
0  7  0  0.722526  0.757186  1  1  1  1 
0  7  0  0.706471  0.759247  1  1  1  1 
0  1007  0  0.680987  0.701488  1  1  1  1 
0  1007  0  0.698655  0.699724  1  1  1  1 
0  1007  0  0.705807  0.759776  1  1  1  1 
0  1007  0  0.687788  0.761915  1  1  1  1 

# Street corner building

0  8  0  0.673398  0.617102  1  1  1  1 
0  8  0  0.719291  0.611837  1  1  1  1 
0  8  0  0.724248  0.653983  1  1  1  1 
0  8  0  0.677701  0.660344  1  1  1  1 

# Clock tower building

0  9  0  0.73742  0.616628  1  1  1  1 
0  9  0  0.829169  0.605636  1  1  1  1 
0  9  0  0.833279  0.63885  1  1  1  1 
0  9  0  0.742279  0.651689  1  1  1  1 

0  1009  0  0.782428  0.644491  1  1  1  1
0  1009  0  0.781492  0.635272  1  1  1  1
0  1009  0  0.79081  0.634203  1  1  1  1
0  1009  0  0.791801  0.643408  1  1  1  1

# Tall skyscraper (Eastgate)

0  10  0  0.864923  0.585812  1  1  1  1 
0  10  0  0.868909  0.575512  1  1  1  1 
0  10  0  0.86316  0.57327  1  1  1  1 
0  10  0  0.871369  0.553833  1  1  1  1 
0  10  0  0.900845  0.566  1  1  1  1 
0  10  0  0.892852  0.58566  1  1  1  1 
0  10  0  0.885092  0.582494  1  1  1  1 
0  10  0  0.880371  0.592153  1  1  1  1 
0  1010  0  0.864919  0.585619  1  1  1  1 
0  1010  0  0.859012  0.583239  1  1  1  1 
0  1010  0  0.863216  0.573164  1  1  1  1 
0  1010  0  0.869027  0.57547  1  1  1  1 
0  2010  0  0.887973  0.59542  1  1  1  1 
0  2010  0  0.880346  0.592156  1  1  1  1 
0  2010  0  0.884345  0.582355  1  1  1  1 
0  2010  0  0.893047  0.585584  1  1  1  1 

# Tall building

0  11  0  1.04183  0.648388  1  1  1  1
0  11  0  1.07965  0.643251  1  1  1  1
0  11  0  1.08502  0.686031  1  1  1  1
0  11  0  1.04748  0.690872  1  1  1  1

# Another tall building

0  12  0  0.894823  0.770432  1  1  1  1
0  12  0  0.862403  0.718283  1  1  1  1
0  12  0  0.897722  0.696469  1  1  1  1
0  12  0  0.929807  0.750145  1  1  1  1

# East campus dorm 1

0  13  0  0.401921  0.312789  1  1  1  1
0  13  0  0.417823  0.319749  1  1  1  1
0  13  0  0.366072  0.441999  1  1  1  1
0  13  0  0.350293  0.435509  1  1  1  1

# East campus dorm 2

0  14  0  0.338327  0.286681  1  1  1  1
0  14  0  0.3543  0.293144  1  1  1  1
0  14  0  0.302517  0.41596  1  1  1  1
0  14  0  0.287384  0.409111  1  1  1  1

# Building next to MIT Coop (lies west of Coop)

0  15  0  0.499757  0.723902  1  1  1  1
0  15  0  0.512974  0.722391  1  1  1  1
0  15  0  0.518824  0.76893  1  1  1  1
0  15  0  0.505452  0.770747  1  1  1  1

0  1015  0  0.431225  0.732539  1  1  1  1
0  1015  0  0.499318  0.723855  1  1  1  1
0  1015  0  0.504843  0.77096  1  1  1  1
0  1015  0  0.437834  0.779411  1  1  1  1

0  2015  0  0.423376  0.781067  1  1  1  1
0  2015  0  0.417254  0.734035  1  1  1  1
0  2015  0  0.430652  0.732811  1  1  1  1
0  2015  0  0.436738  0.779544  1  1  1  1

# Apartment building near Charles River

0  16  0  0.662107  0.341501  1  1  1  1
0  16  0  0.667446  0.342607  1  1  1  1
0  16  0  0.667814  0.340948  1  1  1  1
0  16  0  0.681345  0.343898  1  1  1  1
0  16  0  0.68058  0.346296  1  1  1  1
0  16  0  0.693983  0.349176  1  1  1  1
0  16  0  0.694784  0.345414  1  1  1  1
0  16  0  0.708224  0.348414  1  1  1  1
0  16  0  0.707304  0.352008  1  1  1  1
0  16  0  0.716417  0.353944  1  1  1  1
0  16  0  0.720726  0.344177  1  1  1  1
0  16  0  0.718626  0.343621  1  1  1  1
0  16  0  0.72399  0.329294  1  1  1  1
0  16  0  0.72645  0.330165  1  1  1  1
0  16  0  0.730408  0.321594  1  1  1  1
0  16  0  0.72778  0.320122  1  1  1  1
0  16  0  0.730592  0.314128  1  1  1  1
0  16  0  0.732525  0.31505  1  1  1  1
0  16  0  0.733262  0.313944  1  1  1  1
0  16  0  0.750443  0.320891  1  1  1  1
0  16  0  0.74994  0.322149  1  1  1  1
0  16  0  0.75204  0.323253  1  1  1  1
0  16  0  0.749555  0.329428  1  1  1  1
0  16  0  0.747482  0.328668  1  1  1  1
0  16  0  0.736852  0.353759  1  1  1  1
0  16  0  0.738693  0.354681  1  1  1  1
0  16  0  0.733262  0.368045  1  1  1  1
0  16  0  0.730945  0.367297  1  1  1  1
0  16  0  0.72958  0.370626  1  1  1  1
0  16  0  0.658517  0.355879  1  1  1  1

0  1016  0  0.593465  0.342142  1  1  1  1
0  1016  0  0.596663  0.328829  1  1  1  1
0  1016  0  0.616101  0.333126  1  1  1  1
0  1016  0  0.614587  0.340456  1  1  1  1
0  1016  0  0.632931  0.343911  1  1  1  1
0  1016  0  0.634614  0.337002  1  1  1  1
0  1016  0  0.660869  0.342816  1  1  1  1
0  1016  0  0.65784  0.355791  1  1  1  1

0  2016  0  0.614951  0.340096  1  1  1  1
0  2016  0  0.616229  0.332987  1  1  1  1
0  2016  0  0.634359  0.336494  1  1  1  1
0  2016  0  0.632797  0.343556  1  1  1  1

0  3016 00  0.593558  0.340764  1  1  1  1
0  3016 00  0.585326  0.339162  1  1  1  1
0  3016 00  0.585702  0.336288  1  1  1  1
0  3016 00  0.580338  0.33518  1  1  1  1
0  3016 00  0.582047  0.32889  1  1  1  1
0  3016 00  0.589129  0.330422  1  1  1  1
0  3016 00  0.59  0.32743  1  1  1  1
0  3016 00  0.596209  0.32882  1  1  1  1

0  4016  0  0.584826  0.340398  1  1  1  1
0  4016  0  0.568507  0.336911  1  1  1  1
0  4016  0  0.574055  0.323949  1  1  1  1
0  4016  0  0.582397  0.325525  1  1  1  1
0  4016  0  0.583084  0.322249  1  1  1  1
0  4016  0  0.590249  0.323917  1  1  1  1
0  4016  0  0.589204  0.330253  1  1  1  1
0  4016  0  0.581846  0.328716  1  1  1  1
0  4016  0  0.580233  0.335453  1  1  1  1
0  4016  0  0.585466  0.336438  1  1  1  1

# Short bldg across from MIT Coop

0  17  0  0.556341  0.643706  1  1  1  1
0  17  0  0.560739  0.67745  1  1  1  1
0  17  0  0.519788  0.682575  1  1  1  1
0  17  0  0.515752  0.649111  1  1  1  1

# Restaurant near tennis courts

0  18  0  0.351323  0.188967  1  1  1  1
0  18  0  0.385156  0.203062  1  1  1  1
0  18  0  0.36787  0.243243  1  1  1  1
0  18  0  0.334214  0.228995  1  1  1  1
0  1018  0  0.327027  0.225004  1  1  1  1
0  1018  0  0.33399  0.22781  1  1  1  1
0  1018  0  0.333357  0.229209  1  1  1  1
0  1018  0  0.367789  0.243778  1  1  1  1
0  1018  0  0.368404  0.242357  1  1  1  1
0  1018  0  0.375458  0.245017  1  1  1  1
0  1018  0  0.367853  0.26287  1  1  1  1
0  1018  0  0.319759  0.242315  1  1  1  1
0  2018  0  0.350446  0.189504  1  1  1  1
0  2018  0  0.343518  0.186287  1  1  1  1
0  2018  0  0.351079  0.168176  1  1  1  1
0  2018  0  0.400296  0.188918  1  1  1  1
0  2018  0  0.3924  0.207179  1  1  1  1
0  2018  0  0.385303  0.204117  1  1  1  1
0  2018  0  0.385865  0.20295  1  1  1  1
0  2018  0  0.35141  0.188218  1  1  1  1

# Short, street corner bldg with trapezoidal-like roof

0  19  0  0.818036  0.518008  1  1  1  1
0  19  0  0.787213  0.521742  1  1  1  1
0  19  0  0.785908  0.511758  1  1  1  1
0  19  0  0.770369  0.50483  1  1  1  1
0  19  0  0.767002  0.512138  1  1  1  1
0  19  0  0.75  0.504833  1  1  1  1
0  19  0  0.752705  0.497457  1  1  1  1
0  19  0  0.721202  0.48459  1  1  1  1
0  19  0  0.718685  0.46531  1  1  1  1
0  19  0  0.726198  0.448775  1  1  1  1
0  19  0  0.808504  0.483083  1  1  1  1
0  19  0  0.81499  0.490806  1  1  1  1

# Tall tri-level building

0  20  0  1.10619  0.666867  1  1  1  1
0  20  0  1.10315  0.640487  1  1  1  1
0  20  0  1.14232  0.636103  1  1  1  1
0  20  0  1.14888  0.641546  1  1  1  1
0  20  0  1.15505  0.6409  1  1  1  1
0  20  0  1.15414  0.634509  1  1  1  1
0  20  0  1.18054  0.630977  1  1  1  1
0  20  0  1.18306  0.655901  1  1  1  1
0  20  0  1.17099  0.657433  1  1  1  1
0  20  0  1.17049  0.652063  1  1  1  1
0  20  0  1.13072  0.656561  1  1  1  1
0  20  0  1.13157  0.662962  1  1  1  1

0  1020  0  1.12235  0.690558  1  1  1  1
0  1020  0  1.11933  0.664732  1  1  1  1
0  1020  0  1.13191  0.663218  1  1  1  1
0  1020  0  1.13121  0.656875  1  1  1  1
0  1020  0  1.17016  0.652584  1  1  1  1
0  1020  0  1.17066  0.657844  1  1  1  1
0  1020  0  1.19644  0.655039  1  1  1  1
0  1020  0  1.19975  0.680851  1  1  1  1

0  2020  0  1.12197  0.690732  1  1  1  1
0  2020  0  1.11039  0.69224  1  1  1  1
0  2020  0  1.10739  0.667284  1  1  1  1
0  2020  0  1.11877  0.666035  1  1  1  1

# Corner building between apt complex and restaurant

0  21  0  0.576559  0.270039  1  1  1  1
0  21  0  0.553407  0.32503  1  1  1  1
0  21  0  0.548335  0.322959  1  1  1  1
0  21  0  0.542387  0.335882  1  1  1  1
0  21  0  0.532566  0.331876  1  1  1  1
0  21  0  0.561873  0.264083  1  1  1  1

0  1021  0  0.577579  0.263997  1  1  1  1
0  1021  0  0.575581  0.268807  1  1  1  1
0  1021  0  0.563273  0.263837  1  1  1  1
0  1021  0  0.565486  0.258911  1  1  1  1

0  2021  0  0.47129  0.304805  1  1  1  1
0  2021  0  0.466322  0.302829  1  1  1  1
0  2021  0  0.471456  0.290516  1  1  1  1
0  2021  0  0.476408  0.29253  1  1  1  1

0  3021  0  0.53905  0.316339  1  1  1  1
0  3021  0  0.532444  0.331718  1  1  1  1
0  3021  0  0.5103  0.322498  1  1  1  1
0  3021  0  0.517058  0.30676  1  1  1  1

0  4021  0  0.516281  0.307784  1  1  1  1
0  4021  0  0.510119  0.322444  1  1  1  1
0  4021  0  0.471445  0.306262  1  1  1  1
0  4021  0  0.47764  0.291778  1  1  1  1

# Building with curved front

0  22  0  0.906223  0.699924  1  1  1  1
0  22  0  0.916161  0.694288  1  1  1  1
0  22  0  0.926575  0.688478  1  1  1  1
0  22  0  0.937435  0.684606  1  1  1  1
0  22  0  0.948589  0.68019  1  1  1  1
0  22  0  0.959677  0.677059  1  1  1  1
0  22  0  0.97105  0.674912  1  1  1  1
0  22  0  0.982666  0.673364  1  1  1  1
0  22  0  0.989868  0.729703  1  1  1  1
0  22  0  0.960669  0.733175  1  1  1  1
0  22  0  0.93244  0.749804  1  1  1  1

0  1022  0  0.932289  0.75105  1  1  1  1
0  1022  0  0.960606  0.733794  1  1  1  1
0  1022  0  0.989949  0.730483  1  1  1  1
0  1022  0  0.993187  0.757666  1  1  1  1
0  1022  0  0.944728  0.774531  1  1  1  1

# Tall building near T-bridge

0  23  0  1.14569  0.528842  1  1  1  1
0  23  0  1.15959  0.496372  1  1  1  1
0  23  0  1.20988  0.517466  1  1  1  1
0  23  0  1.20591  0.525749  1  1  1  1
0  23  0  1.21066  0.528068  1  1  1  1
0  23  0  1.21321  0.547272  1  1  1  1
0  23  0  1.21552  0.547108  1  1  1  1
0  23  0  1.21783  0.565287  1  1  1  1
0  23  0  1.16961  0.57162  1  1  1  1
0  23  0  1.16855  0.563659  1  1  1  1
0  23  0  1.15374  0.557667  1  1  1  1
0  23  0  1.15071  0.531195  1  1  1  1

0  1023  0  1.12056  0.58227  1  1  1  1
0  1023  0  1.11814  0.561683  1  1  1  1
0  1023  0  1.14395  0.499233  1  1  1  1
0  1023  0  1.15627  0.503794  1  1  1  1
0  1023  0  1.14595  0.52915  1  1  1  1
0  1023  0  1.1502  0.531479  1  1  1  1
0  1023  0  1.15326  0.557843  1  1  1  1
0  1023  0  1.16837  0.56402  1  1  1  1
0  1023  0  1.16922  0.571962  1  1  1  1
0  1023  0  1.21804  0.565772  1  1  1  1
0  1023  0  1.21604  0.546941  1  1  1  1
0  1023  0  1.21359  0.547188  1  1  1  1
0  1023  0  1.21083  0.525864  1  1  1  1
0  1023  0  1.24938  0.540886  1  1  1  1
0  1023  0  1.25234  0.566371  1  1  1  1

# Fire station

0  24  0  0.500389  0.685721  1  1  1  1
0  24  0  0.484386  0.687902  1  1  1  1
0  24  0  0.484208  0.686285  1  1  1  1
0  24  0  0.47751  0.687062  1  1  1  1
0  24  0  0.47457  0.663652  1  1  1  1
0  24  0  0.498007  0.661026  1  1  1  1
0  1024  0  0.471046  0.636242  1  1  1  1
0  1024  0  0.500639  0.632194  1  1  1  1
0  1024  0  0.504061  0.659955  1  1  1  1
0  1024  0  0.474419  0.663328  1  1  1  1

# Bldg across from Media Lab

0  25  0  0.40062  0.697488  1  1  1  1
0  25  0  0.388955  0.604177  1  1  1  1
0  25  0  0.431074  0.598611  1  1  1  1
0  25  0  0.43364  0.616663  1  1  1  1
0  25  0  0.425237  0.617844  1  1  1  1
0  25  0  0.43464  0.693534  1  1  1  1
0  1025  0  0.387692  0.595271  1  1  1  1
0  1025  0  0.384524  0.568928  1  1  1  1
0  1025  0  0.452811  0.559422  1  1  1  1
0  1025  0  0.457526  0.595332  1  1  1  1
0  1025  0  0.448026  0.596327  1  1  1  1
0  1025  0  0.447183  0.587774  1  1  1  1
0  2025  0  0.398976  0.566558  1  1  1  1
0  2025  0  0.398103  0.55797  1  1  1  1
0  2025  0  0.388069  0.558944  1  1  1  1
0  2025  0  0.385779  0.541807  1  1  1  1
0  2025  0  0.428045  0.536551  1  1  1  1
0  2025  0  0.431279  0.562068  1  1  1  1
0  3025  0  0.387965  0.558929  1  1  1  1
0  3025  0  0.383407  0.559452  1  1  1  1
0  3025  0  0.379973  0.533699  1  1  1  1
0  3025  0  0.448375  0.525049  1  1  1  1
0  3025  0  0.452807  0.559156  1  1  1  1
0  3025  0  0.4315  0.562039  1  1  1  1
0  3025  0  0.428226  0.536477  1  1  1  1
0  3025  0  0.385681  0.541744  1  1  1  1
0  4025  1  0.447064  0.587801  1  1  1  1
0  4025  1  0.447872  0.596301  1  1  1  1
0  4025  1  0.405157  0.601917  1  1  1  1
0  4025  1  0.404156  0.593578  1  1  1  1

# Green Building

0  26  0  0.22039  0.369337  1  1  1  1
0  26  0  0.228896  0.349314  1  1  1  1
0  26  0  0.272408  0.367702  1  1  1  1
0  26  0  0.263639  0.388263  1  1  1  1

# Original Media Lab

0  27  0  0.462953  0.490157  1  1  1  1
0  27  0  0.399704  0.46334  1  1  1  1
0  27  0  0.426909  0.398746  1  1  1  1
0  27  0  0.490128  0.426029  1  1  1  1

# Bio lab

0  28  0  0.315777  0.502617  1  1  1  1
0  28  0  0.326964  0.497991  1  1  1  1
0  28  0  0.345885  0.644702  1  1  1  1
0  28  0  0.334678  0.649169  1  1  1  1
0  1028  0  0.328849  0.505533  1  1  1  1
0  1028  0  0.338324  0.504342  1  1  1  1
0  1028  0  0.34152  0.531286  1  1  1  1
0  1028  0  0.340655  0.531328  1  1  1  1
0  1028  0  0.342237  0.540186  1  1  1  1
0  1028  0  0.346664  0.53973  1  1  1  1
0  1028  0  0.354318  0.602008  1  1  1  1
0  1028  0  0.352675  0.602248  1  1  1  1
0  1028  0  0.353946  0.611506  1  1  1  1
0  1028  0  0.356195  0.61129  1  1  1  1
0  1028  0  0.359131  0.637786  1  1  1  1
0  1028  0  0.345748  0.639401  1  1  1  1
0  2028  0  0.333267  0.641132  1  1  1  1
0  2028  0  0.323237  0.642534  1  1  1  1
0  2028  0  0.320148  0.615646  1  1  1  1
0  2028  0  0.321912  0.61546  1  1  1  1
0  2028  0  0.321043  0.60627  1  1  1  1
0  2028  0  0.318623  0.606443  1  1  1  1
0  2028  0  0.310865  0.544403  1  1  1  1
0  2028  0  0.313019  0.544185  1  1  1  1
0  2028  0  0.312051  0.534866  1  1  1  1
0  2028  0  0.305628  0.535407  1  1  1  1
0  2028  0  0.302727  0.509236  1  1  1  1
0  2028  0  0.316101  0.507318  1  1  1  1
0  3028  0  0.304128  0.508697  1  1  1  1
0  3028  0  0.303226  0.504243  1  1  1  1
0  3028  0  0.326676  0.494847  1  1  1  1
0  3028  0  0.329048  0.493928  1  1  1  1
0  3028  0  0.331773  0.494303  1  1  1  1
0  3028  0  0.33311  0.496953  1  1  1  1
0  3028  0  0.334774  0.504482  1  1  1  1
0  3028  0  0.32823  0.505348  1  1  1  1
0  3028  0  0.327138  0.497817  1  1  1  1
0  3028  0  0.315575  0.502557  1  1  1  1
0  3028  0  0.316008  0.507076  1  1  1  1
