# Time   PolyLine_ID   Passnumber   X Y R G B A

0  12  0  -0.88028   0.280371   1  0  1  1
0  12  0  0.502933   0.00354726   1  0  1  1

0  13  0  -0.88028   0.280371   1  0  1  1
0  13  0  1.54258   0.015738   1  0  1  1

0  14  0  -0.88028   0.280371   1  0  1  1
0  14  0  1.06138   0.272573   1  0  1  1

0  15  0  -0.88028   0.280371   1  0  1  1
0  15  0  0.390044   0.670802   1  0  1  1

0  16  0  -0.88028   0.280371   1  0  1  1
0  16  0  0.901355   0.376275   1  0  1  1

0  17  0  -0.88028   0.280371   1  0  1  1
0  17  0  1.72927   0.104921   1  0  1  1


