# Time   PolyLine_ID   Passnumber   X Y R G B A

0  6  0  13.7399   0.225872   1  1  0  1
0  6  0  1.23463   0.308663   1  1  0  1

0  7  0  13.7399   0.225872   1  1  0  1
0  7  0  1.24654   0.285481   1  1  0  1

0  8  0  13.7399   0.225872   1  1  0  1
0  8  0  1.25448   0.263624   1  1  0  1

0  9  0  13.7399   0.225872   1  1  0  1
0  9  0  0.411371   0.669741   1  1  0  1

0  10  0  13.7399   0.225872   1  1  0  1
0  10  0  0.493626   0.558668   1  1  0  1

0  11  1  03.7399   0.225872   1  1  0  1
0  11  0  0.508392   0.522302   1  1  0  1

