# This interpolated & filtered version of the aircraft's GPS/IMU
# information was generated with a time constant tau=1/video_PRF=0.04166 sec


# Img  Rel time       Rel_x  	 Rel_y	     Rel_z       Roll 	      Pitch        Yaw

   0           0   -47657.47    3300.739    2998.375   -0.5053711    3.092651    -161.8616   
   1   0.04166667   -47656.27    3296.841    2998.349   -0.5149952    3.088168    -161.8575   
   2   0.08333333   -47654.42    3290.809    2998.322    -0.51987    3.083057    -161.8484   
   3       0.125   -47652.83    3285.648      2998.3   -0.5267046    3.081135    -161.8425   
   4   0.1666667   -47651.68    3281.944     2998.26   -0.5367629    3.081907    -161.8359   
   5   0.2083333   -47649.84     3275.98    2998.226   -0.5417822    3.077944      -161.83   
   6        0.25   -47648.35    3271.128    2998.208   -0.5493188    3.075631    -161.8259   
   7   0.2916667   -47646.87    3266.302    2998.168   -0.5568435    3.076205    -161.8216   
   8   0.3333333   -47645.02    3260.296    2998.117   -0.5618794    3.076379     -161.816   
   9       0.375    -47643.8     3256.33    2998.094   -0.5712891    3.076172    -161.8066   
  10   0.4166667   -47641.87    3250.087    2998.061   -0.5767441    3.073626    -161.8022   
  11   0.4583333    -47640.1    3244.353    2998.023   -0.5836678     3.07423    -161.7975   
  12         0.5   -47638.52    3239.199    2997.989   -0.5905783    3.075662    -161.7932   
  13   0.5416667   -47637.04    3234.403     2997.96   -0.5978256    3.076174    -161.7887   
  14   0.5833333   -47635.49    3229.365    2997.928   -0.6054177    3.075416    -161.7831   
  15       0.625   -47633.91    3224.244    2997.894   -0.6119415    3.073426     -161.777   
  16   0.6666667   -47632.33     3219.11    2997.865   -0.6174034     3.07147    -161.7719   
  17   0.7083333   -47630.73    3213.942    2997.837   -0.6235063     3.07074    -161.7673   
  18        0.75   -47629.16     3208.84    2997.804   -0.6302557    3.070558    -161.7627   
  19   0.7916667   -47627.56    3203.657    2997.766   -0.6361856    3.069589    -161.7581   
  20   0.8333333   -47625.98     3198.54    2997.731   -0.642475    3.067473    -161.7535   
  21       0.875    -47624.4    3193.421    2997.702   -0.6512283    3.065518    -161.7486   
  22   0.9166667   -47622.87    3188.446    2997.668   -0.6607265    3.063982    -161.7428   
  23   0.9583333   -47621.39     3183.63    2997.623   -0.6686258    3.061927    -161.7373   
  24           1   -47619.84    3178.565    2997.562   -0.6762051    3.059692     -161.733   
  25    1.041667   -47618.26    3173.408    2997.503   -0.684827    3.057423    -161.7302   
  26    1.083333   -47616.65    3168.179    2997.464   -0.6939624    3.055077    -161.7277   
  27       1.125    -47614.9    3162.499    2997.429   -0.7031331     3.05288    -161.7242   
  28    1.166667   -47613.15     3156.82    2997.391   -0.712227    3.050498    -161.7208   
  29    1.208333   -47611.53    3151.595    2997.356   -0.7206493    3.048261    -161.7191   
  30        1.25   -47609.96    3146.482    2997.326   -0.7281065    3.045839     -161.718   
  31    1.291667   -47608.42    3141.501    2997.293   -0.7363233    3.042939    -161.7157   
  32    1.333333   -47606.93    3136.687    2997.262   -0.745957    3.039348    -161.7138   
  33       1.375   -47605.37    3131.631    2997.231   -0.754215    3.035535    -161.7133   
  34    1.416667   -47603.77    3126.471    2997.195   -0.7601977    3.032679    -161.7133   
  35    1.458333   -47602.19    3121.349    2997.157   -0.766546    3.030428    -161.7133   
  36         1.5   -47600.59    3116.163    2997.125   -0.7744122    3.028058    -161.7133   
  37    1.541667   -47599.01    3111.054    2997.093   -0.7815002    3.025851    -161.7133   
  38    1.583333   -47597.41    3105.887    2997.055    -0.78644    3.023522    -161.7133   
  39       1.625   -47595.88    3100.913     2997.02   -0.7917177    3.021769    -161.7135   
  40    1.666667   -47594.38    3096.075    2996.991   -0.7977388    3.021213    -161.7145   
  41    1.708333   -47592.71    3090.697    2996.955   -0.8020355    3.021198    -161.7165   
  42        1.75   -47590.93    3084.939     2996.91   -0.8053022    3.020694    -161.7183   
  43    1.791667   -47589.26    3079.538    2996.869   -0.8093529    3.018932    -161.7188   
  44    1.833333   -47587.67    3074.406    2996.838   -0.8136863    3.017046     -161.719   
  45       1.875   -47586.07    3069.219    2996.804   -0.8170529    3.017305    -161.7202   
  46    1.916667   -47584.49    3064.107    2996.765   -0.8193185    3.019375    -161.7224   
  47    1.958333   -47582.89    3058.938    2996.727   -0.8208936    3.020892    -161.7239   
  48           2   -47581.36    3053.944    2996.684   -0.8207391    3.021251    -161.7244   
  49    2.041667   -47579.89    3049.127    2996.636   -0.8194286    3.021234    -161.7254   
  50    2.083333   -47578.33    3044.081    2996.588   -0.8186424    3.021248    -161.7274   
  51       2.125   -47576.75    3038.958     2996.55   -0.8184855    3.021787    -161.7297   
  52    2.166667   -47575.15    3033.817    2996.519   -0.818481    3.023536     -161.732   
  53    2.208333   -47573.55     3028.64    2996.484   -0.8184826    3.025639    -161.7341   
  54        2.25   -47571.97    3023.531    2996.446   -0.8184773    3.026623    -161.7352   
  55    2.291667   -47570.36    3018.339    2996.412   -0.8184902    3.026733    -161.7363   
  56    2.333333   -47568.77     3013.21    2996.381   -0.8184653    3.026741    -161.7384   
  57       2.375   -47567.15    3007.983    2996.342   -0.8175047    3.027555    -161.7402   
  58    2.416667   -47565.47    3002.585    2996.298   -0.8142158    3.029795    -161.7407   
  59    2.458333    -47563.8    2997.184    2996.258   -0.8094733     3.03175    -161.7407   
  60         2.5   -47562.19    2991.985    2996.219   -0.8052909    3.032795    -161.7412   
  61    2.541667   -47560.59    2986.841    2996.182   -0.8021151    3.034523     -161.743   
  62    2.583333   -47558.98    2981.664     2996.15   -0.798139    3.036625    -161.7451   
  63       2.625    -47557.4    2976.555    2996.117   -0.7923495    3.037606    -161.7461   
  64    2.666667   -47555.78    2971.361    2996.078   -0.7866083    3.037729    -161.7462   
  65    2.708333   -47554.19    2966.233    2996.039   -0.7810544    3.037717    -161.7454   
  66        2.75    -47552.6    2961.103    2995.998   -0.7744011     3.03772    -161.7435   
  67    2.791667   -47551.05    2956.118    2995.955   -0.7677528    3.037719    -161.7416   
  68    2.833333   -47549.56    2951.297    2995.919   -0.7626944    3.037719    -161.7408   
  69       2.875   -47547.99    2946.233    2995.887   -0.7574965     3.03772    -161.7402   
  70    2.916667   -47546.39    2941.071    2995.847   -0.7515281    3.037722    -161.7384   
  71    2.958333    -47544.8    2935.938    2995.792   -0.7460017    3.037716    -161.7361   
  72           3   -47543.21    2930.806    2995.736   -0.740135    3.037733    -161.7339   
  73    3.041667   -47541.76    2926.111    2995.695   -0.7333075    3.037656    -161.7315   
  74    3.083333   -47540.34    2921.546    2995.662   -0.7264805    3.036926    -161.7293   
  75       3.125   -47538.69    2916.222    2995.623   -0.7198331    3.035605    -161.7268   
  76    3.166667   -47536.82    2910.216     2995.58   -0.7135926    3.035057     -161.724   
  77    3.208333   -47535.05    2904.518    2995.539   -0.7079155     3.03492    -161.7212   
  78        3.25    -47533.4    2899.223      2995.5   -0.7036917    3.035001    -161.7188   
  79    3.291667   -47531.85    2894.235    2995.463   -0.7005057    3.034644    -161.7165   
  80    3.333333   -47530.43    2889.676    2995.432   -0.6968542     3.03326    -161.7142   
  81       3.375   -47528.97     2884.97    2995.398   -0.693717    3.032352     -161.712   
  82    3.416667   -47527.37    2879.831     2995.36   -0.6922299    3.032214    -161.7096   
  83    3.458333   -47525.77    2874.688    2995.325   -0.6905436    3.032232    -161.7074   
  84         3.5   -47524.14    2869.458    2995.293   -0.6867875    3.032226    -161.7049   
  85    3.541667   -47522.47    2864.055    2995.255   -0.682937    3.032228    -161.7021   
  86    3.583333   -47520.78    2858.649    2995.212   -0.6798265    3.032228    -161.6992   
  87       3.625   -47519.17    2853.445    2995.172   -0.6751057    3.032227    -161.6974   
  88    3.666667   -47517.56    2848.294    2995.133   -0.6698347    3.032227    -161.6965   
  89    3.708333   -47515.95    2843.109    2995.095   -0.6673137    3.032227    -161.6949   
  90        3.75   -47514.36    2837.994    2995.062   -0.6659235    3.032227    -161.6927   
  91    3.791667   -47512.74    2832.796     2995.03   -0.6627426    3.032227    -161.6915   
  92    3.833333   -47511.14    2827.659    2994.992   -0.6606799    3.032228    -161.6913   
  93       3.875   -47509.51    2822.425    2994.953   -0.6610353    3.032235    -161.6913   
  94    3.916667   -47507.83    2817.019    2994.912   -0.6607418    3.032229    -161.6913   
  95    3.958333   -47506.15    2811.605    2994.864   -0.660355    3.032241    -161.6913   
  96           4   -47504.54    2806.386    2994.812   -0.6624538    3.032774    -161.6913   
  97    4.041667   -47502.95    2801.212    2994.762   -0.6661582    3.034522    -161.6917   
  98    4.083333   -47501.37    2796.129     2994.72   -0.6692374    3.036628    -161.6932   
  99       4.125   -47499.93    2791.505    2994.688   -0.6714849    3.037605    -161.6954   
 100    4.166667   -47498.49    2786.884    2994.655   -0.6739167    3.037729    -161.6966   
 101    4.208333   -47496.91    2781.803    2994.617   -0.6769001    3.037715    -161.6968   
 102        4.25   -47495.26    2776.531    2994.579   -0.6812256    3.037693     -161.697   
 103    4.291667   -47493.58    2771.115    2994.543   -0.6859958    3.037748     -161.698   
 104    4.333333   -47491.91    2765.765    2994.507   -0.6903763    3.038508       -161.7   
 105       4.375   -47490.28    2760.537    2994.469   -0.6943207    3.040469    -161.7023   
 106    4.416667   -47488.67    2755.374     2994.43   -0.6971785    3.042406    -161.7046   
 107    4.458333   -47487.06    2750.242    2994.391   -0.6994335    3.043368    -161.7069   
 108         4.5   -47485.44    2745.037    2994.351   -0.7017928    3.044664    -161.7091   
 109    4.541667   -47483.85    2739.921    2994.313   -0.7040597    3.046847    -161.7115   
 110    4.583333   -47482.23    2734.733    2994.273   -0.7071278    3.048354    -161.7137   
 111       4.625   -47480.58    2729.466    2994.235   -0.7107523    3.048689    -161.7162   
 112    4.666667   -47478.89    2724.045      2994.2   -0.7132409    3.048728    -161.7191   
 113    4.708333   -47477.22    2718.695    2994.164   -0.7147923    3.049499    -161.7226   
 114        4.75   -47475.59    2713.468    2994.125   -0.7168532    3.051992    -161.7264   
 115    4.791667   -47474.03     2708.48    2994.088   -0.7188046    3.055689    -161.7292   
 116    4.833333   -47472.61    2703.918    2994.056   -0.7195597    3.058545    -161.7317   
 117       4.875   -47471.14    2699.207    2994.023   -0.7195021    3.059576    -161.7352   
 118    4.916667   -47469.53    2694.063    2993.984   -0.7185071    3.059751    -161.7387   
 119    4.958333   -47467.93    2688.913    2993.937   -0.7164305    3.060481    -161.7412   
 120           5   -47466.33    2683.759    2993.878   -0.7155318    3.062393    -161.7436   
 121    5.041667   -47464.78    2678.753    2993.826   -0.7170904    3.064261    -161.7465   
 122    5.083333   -47463.28    2673.913    2993.788   -0.7175436    3.065065    -161.7501   
 123       5.125   -47461.62    2668.596    2993.747   -0.7152357    3.065727    -161.7539   
 124    5.166667   -47459.81      2662.8      2993.7   -0.7144598    3.067473    -161.7567   
 125    5.208333   -47458.08    2657.281    2993.656   -0.715449    3.069585    -161.7592   
 126        5.25   -47456.47     2652.13    2993.617   -0.7139951    3.070555    -161.7627   
 127    5.291667   -47454.85    2646.929    2993.578   -0.7117578    3.070741    -161.7662   
 128    5.333333   -47453.24    2641.787    2993.539   -0.7113502    3.071474    -161.7686   
 129       5.375   -47451.63    2636.644    2993.503   -0.7102854    3.073563    -161.7709   
 130    5.416667   -47450.07    2631.645    2993.472   -0.7076658    3.076418    -161.7728   
 131    5.458333   -47448.55    2626.813    2993.443   -0.7061985    3.079248    -161.7743   
 132         5.5   -47446.97    2621.741    2993.407   -0.7047701      3.0811    -161.7764   
 133    5.541667   -47445.35    2616.565    2993.367   -0.7012808    3.082004    -161.7784   
 134    5.583333   -47443.74    2611.423    2993.329   -0.6967443    3.083509    -161.7794   
 135       5.625   -47442.11    2606.221    2993.289   -0.6921391    3.085819    -161.7806   
 136    5.666667    -47440.5    2601.066     2993.25   -0.6876344    3.088037    -161.7828   
 137    5.708333   -47438.77    2595.548    2993.211   -0.6837833    3.090368    -161.7843   
 138        5.75   -47436.97    2589.779    2993.173   -0.6807092    3.092304    -161.7847   
 139    5.791667   -47435.32     2584.52    2993.137   -0.6768842    3.093849    -161.7847   
 140    5.833333   -47433.81    2579.685    2993.101   -0.6721251    3.095891    -161.7847   
 141       5.875   -47432.22    2574.625    2993.063   -0.6674235    3.097592    -161.7842   
 142    5.916667    -47430.6    2569.443    2993.021   -0.6628438    3.098132    -161.7824   
 143    5.958333      -47429    2564.292    2992.973   -0.6584853    3.098149    -161.7803   
 144           6   -47427.39    2559.071    2992.915   -0.6551402    3.098143    -161.7792   
 145    6.041667   -47425.79    2553.934    2992.862   -0.6527503    3.098147    -161.7781   
 146    6.083333   -47424.16    2548.744    2992.825   -0.6496952    3.098153     -161.776   
 147       6.125   -47422.59    2543.734    2992.793   -0.6460331    3.098346    -161.7735   
 148    6.166667   -47421.08    2538.903    2992.756   -0.6436014    3.099322    -161.7706   
 149    6.208333   -47419.49     2533.84    2992.713   -0.6427937     3.10137    -161.7679   
 150        6.25   -47417.88    2528.699    2992.675   -0.6421586     3.10363    -161.7649   
 151    6.291667   -47416.22    2523.377    2992.644   -0.6404121      3.1059    -161.7609   
 152    6.333333    -47414.4    2517.588    2992.609   -0.6383039    3.108247    -161.7563   
 153       6.375   -47412.69    2512.145    2992.571   -0.6373231    3.110443    -161.7517   
 154    6.416667   -47411.46    2508.188    2992.543   -0.6371978    3.112824    -161.7471   
 155    6.458333   -47410.41    2504.855    2992.519   -0.6372109    3.115065    -161.7426   
 156         6.5   -47408.78    2499.653     2992.48   -0.6372143    3.117519    -161.7384   
 157    6.541667    -47406.7    2493.042    2992.429   -0.6372101    3.120357    -161.7349   
 158    6.583333   -47404.78    2486.912    2992.388   -0.6372211      3.1232    -161.7313   
 159       6.625    -47403.1    2481.555    2992.356   -0.637751    3.125589     -161.727   
 160    6.666667   -47401.47    2476.388     2992.32   -0.6394943    3.128234    -161.7224   
 161    6.708333   -47399.84     2471.19    2992.281   -0.6416057     3.13186    -161.7179   
 162        6.75   -47398.24     2466.06    2992.243   -0.6425769    3.135028    -161.7133   
 163    6.791667    -47396.6    2460.846    2992.203   -0.6427611    3.136399    -161.7087   
 164    6.833333   -47394.99    2455.701    2992.164   -0.6434835    3.136613    -161.7041   
 165       6.875   -47393.37     2450.55    2992.128   -0.6453352     3.13679    -161.6997   
 166    6.916667    -47391.8     2445.55    2992.097   -0.6473206    3.137773    -161.6954   
 167    6.958333   -47390.29    2440.705    2992.059   -0.6496261     3.13981    -161.6905   
 168           7   -47388.62    2435.371    2991.997   -0.6536665    3.141538    -161.6864   
 169    7.041667   -47386.81    2429.557    2991.928   -0.6579109    3.142064    -161.6832   
 170    7.083333   -47385.08    2424.024    2991.877   -0.6613221      3.1423    -161.6795   
 171       7.125   -47383.46    2418.861    2991.844   -0.6662333    3.143525    -161.6763   
 172    7.166667   -47381.83    2413.652    2991.811   -0.6727881    3.145721    -161.6739   
 173    7.208333   -47380.21    2408.505    2991.773   -0.6781904    3.147228    -161.6708   
 174        7.25   -47378.59    2403.358    2991.735   -0.6826347    3.147587    -161.6672   
 175    7.291667   -47377.02    2398.351      2991.7   -0.6896103    3.147574    -161.6647   
 176    7.333333    -47375.5    2393.512    2991.664   -0.6976117    3.147576    -161.6631   
 177       7.375    -47373.9     2388.43    2991.625   -0.7031314    3.147583    -161.6611   
 178    7.416667   -47372.27    2383.244    2991.588   -0.7083664    3.147584    -161.6588   
 179    7.458333   -47370.65    2378.099    2991.556   -0.7158049    3.147581    -161.6565   
 180         7.5   -47369.01    2372.891    2991.523   -0.7235999    3.147588    -161.6542   
 181    7.541667    -47367.4    2367.757    2991.485   -0.7305854    3.147574     -161.653   
 182    7.583333   -47365.76    2362.563     2991.45   -0.738195    3.147593    -161.6528   
 183       7.625   -47364.19     2357.56    2991.419   -0.7460072    3.148394     -161.652   
 184    7.666667   -47362.66    2352.698    2991.381   -0.7519636    3.150626    -161.6498   
 185    7.708333   -47360.96    2347.297    2991.337   -0.757118     3.15259    -161.6478   
 186        7.75   -47359.14    2341.509    2991.297   -0.7634946    3.153635    -161.6473   
 187    7.791667   -47357.43    2336.077    2991.258   -0.7700447    3.155362    -161.6473   
 188    7.833333   -47355.81    2330.919     2991.22   -0.7753623    3.157454    -161.6473   
 189       7.875   -47354.17    2325.708    2991.188   -0.7801169     3.15857    -161.6473   
 190    7.916667   -47352.55     2320.57    2991.155   -0.7856613    3.159649    -161.6473   
 191    7.958333   -47350.91    2315.372    2991.109   -0.7923343    3.161756    -161.6473   
 192           8   -47349.33    2310.344    2991.052   -0.798275    3.164293    -161.6465   
 193    8.041667   -47347.79      2305.5    2991.002   -0.8023023    3.167149    -161.6443   
 194    8.083333   -47346.19    2300.428    2990.961   -0.8058978    3.169861    -161.6423   
 195       8.125   -47344.57    2295.279    2990.922   -0.8096637    3.172301    -161.6418   
 196    8.166667   -47342.95    2290.118    2990.883   -0.8125023    3.174595    -161.6415   
 197    8.208333   -47341.31    2284.922    2990.844   -0.8149797    3.176818      -161.64   
 198        8.25   -47339.69     2279.79    2990.805   -0.8184436    3.179204    -161.6378   
 199    8.291667   -47338.04    2274.574    2990.766   -0.8219323    3.181392    -161.6366   
 200    8.333333   -47336.42    2269.428    2990.727   -0.8243974    3.183735    -161.6364   
 201       8.375    -47334.8    2264.277    2990.689   -0.8264324    3.186249    -161.6362   
 202    8.416667   -47333.22    2259.269    2990.653   -0.8273878    3.189103    -161.6352   
 203    8.458333   -47331.69    2254.422    2990.617   -0.8269055    3.191818    -161.6332   
 204         8.5   -47330.01    2249.099    2990.579   -0.8272573    3.194262    -161.6315   
 205    8.541667   -47328.18    2243.292     2990.54   -0.8286584    3.196538    -161.6306   
 206    8.583333   -47326.44    2237.758      2990.5   -0.8296059     3.19899    -161.6291   
 207       8.625   -47324.81    2232.599    2990.462   -0.8308905    3.202458    -161.6269   
 208    8.666667   -47323.17    2227.392    2990.422   -0.8330686    3.205949    -161.6256   
 209    8.708333   -47321.54     2222.24    2990.383   -0.8345977    3.208429    -161.6246   
 210        8.75   -47319.92    2217.085    2990.346   -0.8349715    3.210647    -161.6228   
 211    8.791667   -47318.33    2212.069     2990.31   -0.8349555    3.212577    -161.6208   
 212    8.833333    -47316.8    2207.227    2990.273   -0.8349651    3.214124    -161.6193   
 213       8.875    -47315.2    2202.152    2990.238   -0.8354873    3.216201    -161.6172   
 214    8.916667   -47313.56    2196.965    2990.201   -0.8372141      3.2185    -161.6149   
 215    8.958333   -47311.93    2191.804    2990.142   -0.839335    3.220952    -161.6124   
 216           9   -47310.29    2186.565    2990.065   -0.8403251    3.224421     -161.609   
 217    9.041667   -47308.67    2181.419    2990.005   -0.8405119    3.227903    -161.6055   
 218    9.083333   -47307.03    2176.217    2989.962   -0.8412203    3.230398     -161.603   
 219       9.125   -47305.36    2170.943    2989.924   -0.8431142    3.233385    -161.6005   
 220    9.166667   -47303.64    2165.518    2989.888   -0.8450014    3.237535    -161.5977   
 221    9.208333   -47301.95    2160.146    2989.852   -0.8458091     3.24106    -161.5949   
 222        9.25   -47300.29    2154.897    2989.813   -0.845953    3.243674    -161.5925   
 223    9.291667   -47298.65    2149.715    2989.774   -0.8456111    3.245958    -161.5902   
 224    9.333333   -47297.02    2144.568    2989.736   -0.8441477      3.2484    -161.5878   
 225       9.375   -47295.37    2139.351    2989.696   -0.8418404    3.251869    -161.5856   
 226    9.416667   -47293.75    2134.213    2989.658   -0.8395869    3.255314    -161.5833   
 227    9.458333    -47292.1    2129.017    2989.618   -0.8365341    3.257092     -161.581   
 228         9.5   -47290.51    2123.994     2989.58   -0.8319608    3.257601    -161.5786   
 229    9.541667   -47288.99    2119.165    2989.544   -0.8262763    3.258595    -161.5757   
 230    9.583333   -47287.38    2114.107    2989.512   -0.8207103    3.261342    -161.5721   
 231       9.625   -47285.75    2108.951    2989.482   -0.8158654    3.265027    -161.5683   
 232    9.666667   -47284.11     2103.78    2989.447   -0.8112955    3.267893    -161.5654   
 233    9.708333   -47282.46    2098.571    2989.407   -0.8067198    3.270361    -161.5632   
 234        9.75   -47280.84    2093.438    2989.369   -0.802146    3.273805    -161.5608   
 235    9.791667   -47279.19    2088.224    2989.329   -0.7975686    3.277313    -161.5586   
 236    9.833333   -47277.55    2083.066     2989.29   -0.7930011     3.27981    -161.5556   
 237       9.875   -47275.89    2077.814    2989.253   -0.788808    3.282237    -161.5517   
 238    9.916667   -47274.17    2072.387    2989.216   -0.7853259     3.28508    -161.5483   
 239    9.958333   -47272.45    2066.952    2989.167   -0.781753    3.287923    -161.5455   
 240          10   -47270.78    2061.708    2989.096   -0.7779565    3.290324    -161.5431   
 241    10.04167   -47269.14    2056.536    2989.024   -0.7750872     3.29259    -161.5408   
 242    10.08333    -47267.5     2051.34    2988.971   -0.7726528    3.294921    -161.5385   
 243      10.125   -47265.87     2046.21    2988.932   -0.7691022    3.297227    -161.5362   
 244    10.16667   -47264.22    2041.019    2988.893   -0.7647023    3.300485    -161.5329   
 245    10.20833   -47262.66    2036.085    2988.859   -0.7606177    3.304316    -161.5291   
 246       10.25   -47261.11    2031.202    2988.831   -0.7573786     3.30758    -161.5258   
 247    10.29167   -47259.36    2025.698    2988.792   -0.754591    3.310362     -161.523   
 248    10.33333   -47257.53    2019.919    2988.747   -0.7522467    3.312691    -161.5207   
 249      10.375    -47255.9     2014.78    2988.708   -0.748997    3.315466    -161.5184   
 250    10.41667   -47254.46    2010.235    2988.677   -0.7430634    3.319454    -161.5161   
 251    10.45833   -47252.94    2005.454    2988.643   -0.7346067    3.323815    -161.5139   
 252        10.5    -47251.3    2000.278    2988.604   -0.7243265    3.327231    -161.5115   
 253    10.54167   -47249.67    1995.131    2988.571   -0.7119915    3.329634    -161.5093   
 254    10.58333   -47247.99    1989.863    2988.539   -0.6966653     3.33285     -161.507   
 255      10.625   -47246.27     1984.45      2988.5   -0.6767466    3.337057    -161.5052   
 256    10.66667   -47244.55    1979.034    2988.457   -0.6524871    3.340409    -161.5036   
 257    10.70833    -47242.9    1973.826    2988.421   -0.6241844    3.343586    -161.5015   
 258       10.75   -47241.25    1968.638     2988.39    -0.59208    3.347256    -161.4992   
 259    10.79167   -47239.65    1963.588    2988.354   -0.5568119    3.350178    -161.4969   
 260    10.83333   -47238.19    1958.995    2988.316   -0.5198109    3.352596    -161.4947   
 261      10.875   -47236.71    1954.336    2988.284   -0.4813382    3.356078    -161.4936   
 262    10.91667   -47235.08    1949.225    2988.257   -0.4394817    3.360442    -161.4926   
 263    10.95833   -47233.36    1943.825    2988.217   -0.3931566    3.364529    -161.4906   
 264          11   -47231.48    1937.911    2988.151   -0.3399221    3.367905    -161.4888   
 265    11.04167    -47229.6     1931.99    2988.087   -0.2854738    3.371583    -161.4872   
 266    11.08333   -47227.91    1926.663    2988.043   -0.2341871     3.37596     -161.485   
 267      11.125   -47226.27    1921.505    2988.004   -0.1836183    3.380542    -161.4832   
 268    11.16667   -47224.62    1916.314    2987.967   -0.1317344    3.385116    -161.4823   
 269    11.20833   -47222.98    1911.166    2987.935   -0.07911801    3.389673    -161.4809   
 270       11.25   -47221.33    1905.971    2987.902   -0.02657767    3.394294    -161.4787   
 271    11.29167   -47219.76    1901.042    2987.866   0.02687066    3.399465    -161.4773   
 272    11.33333   -47218.21    1896.173    2987.831   0.08126149    3.405291    -161.4771   
 273      11.375   -47216.58    1891.037    2987.794   0.1349991    3.410619     -161.477   
 274    11.41667   -47214.95    1885.906     2987.76   0.1868358    3.415293    -161.4762   
 275    11.45833   -47213.31    1880.732    2987.733   0.2378235     3.41983    -161.4742   
 276        11.5   -47211.67    1875.582    2987.705   0.2895968    3.424375    -161.4723   
 277    11.54167   -47210.04    1870.445     2987.67   0.3419737    3.428937    -161.4716   
 278    11.58333   -47208.42     1865.34    2987.632   0.3933872    3.433323    -161.4716   
 279      11.625   -47206.93    1860.669    2987.599   0.4417364    3.436874    -161.4716   
 280    11.66667   -47205.39    1855.832    2987.567   0.4895997     3.43991    -161.4719   
 281    11.70833   -47203.56    1850.048    2987.527   0.5433312    3.444074    -161.4731   
 282       11.75    -47201.7    1844.188    2987.485   0.5951142    3.448857    -161.4753   
 283    11.79167   -47200.03    1838.915     2987.45   0.6410228    3.453469    -161.4768   
 284    11.83333   -47198.38    1833.742    2987.422   0.6840204    3.458019    -161.4777   
 285      11.875   -47196.73    1828.556    2987.393   0.7257089    3.462588    -161.4794   
 286    11.91667    -47195.1    1823.401    2987.356   0.7665888    3.467168    -161.4817   
 287    11.95833   -47193.45    1818.218    2987.303   0.8062211    3.471652    -161.4839   
 288          12    -47191.9    1813.316    2987.242   0.8436464    3.475532    -161.4865   
 289    12.04167   -47190.35    1808.433    2987.192   0.8786532    3.478822    -161.4896   
 290    12.08333   -47188.72    1803.306    2987.157   0.9115633    3.482697    -161.4934   
 291      12.125    -47187.1    1798.192    2987.124   0.9434785    3.487174     -161.497   
 292    12.16667   -47185.45    1793.013    2987.086   0.9745831    3.491739    -161.5002   
 293    12.20833   -47183.83    1787.887    2987.051    1.003931    3.496282    -161.5044   
 294       12.25   -47182.16    1782.614     2987.02    1.031656    3.500499    -161.5089   
 295    12.29167   -47180.33    1776.868    2986.986    1.058748    3.503585    -161.5135   
 296    12.33333   -47178.55    1771.248    2986.948    1.084778    3.506004    -161.5194   
 297      12.375   -47176.98    1766.269    2986.916    1.108415    3.509892    -161.5258   
 298    12.41667   -47175.44    1761.413    2986.888    1.130186     3.51544    -161.5319   
 299    12.45833   -47173.81    1756.284    2986.854    1.152206    3.520736    -161.5372   
 300        12.5   -47172.19    1751.168    2986.821    1.174805    3.525388    -161.5428   
 301    12.54167   -47170.56    1745.996    2986.793    1.196898    3.529918      -161.55   
 302    12.58333   -47168.92    1740.838    2986.765    1.217785    3.534457    -161.5582   
 303      12.625   -47167.29    1735.673    2986.731    1.238142    3.539153     -161.566   
 304    12.66667   -47165.63    1730.444    2986.695    1.257893    3.544388    -161.5745   
 305    12.70833   -47164.03    1725.364    2986.663    1.275931    3.549966    -161.5843   
 306       12.75   -47162.42    1720.283    2986.633    1.293361     3.55535    -161.5936   
 307    12.79167   -47160.74    1714.989    2986.604    1.311651    3.560575    -161.6028   
 308    12.83333   -47159.03     1709.57    2986.575    1.329686    3.565902    -161.6121   
 309      12.875   -47157.44    1704.519    2986.548     1.34688    3.572194    -161.6209   
 310    12.91667   -47155.84    1699.461    2986.516    1.365644    3.578744    -161.6297   
 311    12.95833   -47154.12    1694.042    2986.484    1.384214    3.584583    -161.6394   
 312          13   -47152.34    1688.475    2986.453    1.400774    3.590673    -161.6491   
 313    13.04167   -47150.72    1683.411    2986.424    1.417066    3.597516    -161.6582   
 314    13.08333   -47149.22     1678.67    2986.399    1.434455    3.603896    -161.6679   
 315      13.125   -47147.51    1673.238     2986.37    1.451431    3.609853    -161.6784   
 316    13.16667   -47145.64    1667.292    2986.333    1.467541     3.61655     -161.689   
 317    13.20833   -47143.96    1661.966      2986.3    1.485664    3.623285    -161.6995   
 318       13.25   -47142.45    1657.194    2986.277    1.505103    3.629263    -161.7089   
 319    13.29167    -47140.8    1651.946    2986.251    1.523329     3.63563    -161.7173   
 320    13.33333   -47139.08     1646.51    2986.214    1.540253    3.642681    -161.7259   
 321      13.375   -47137.54    1641.603    2986.181    1.556251    3.648732    -161.7357   
 322    13.41667   -47135.96    1636.581    2986.156    1.570172    3.653103    -161.7459   
 323    13.45833   -47134.23    1631.086     2986.13    1.582056    3.657278     -161.755   
 324        13.5   -47132.64    1625.998    2986.098    1.593874    3.661615    -161.7633   
 325    13.54167   -47131.12    1621.172    2986.071    1.606368    3.665192    -161.7714   
 326    13.58333   -47129.42    1615.788    2986.048    1.618573    3.669263    -161.7794   
 327      13.625   -47127.74    1610.423    2986.023    1.628643    3.674167    -161.7872   
 328    13.66667    -47126.2    1605.541    2985.999    1.636865    3.679462    -161.7941   
 329    13.70833   -47124.63    1600.525    2985.975     1.64403    3.684245       -161.8   
 330       13.75   -47122.98    1595.266    2985.943    1.650123    3.688082    -161.8061   
 331    13.79167   -47121.41     1590.27    2985.914     1.65618    3.691007    -161.8129   
 332    13.83333   -47119.89    1585.423    2985.892    1.662776    3.693829    -161.8192   
 333      13.875   -47118.26     1580.23    2985.864    1.667855    3.697361    -161.8252   
 334    13.91667   -47116.51    1574.672    2985.836    1.670123    3.700692     -161.831   
 335    13.95833   -47114.76    1569.159    2985.826    1.671487    3.703421    -161.8362   
 336          14   -47113.12    1564.048    2985.825    1.673398    3.707145    -161.8412   
 337    14.04167   -47111.43    1558.726    2985.812     1.67484    3.712248    -161.8452   
 338    14.08333    -47109.7    1553.221     2985.79    1.675396    3.717126    -161.8488   
 339      14.125   -47108.05    1547.964    2985.767    1.674961    3.720967     -161.853   
 340    14.16667   -47106.53    1543.098    2985.741    1.672362    3.723831     -161.858   
 341    14.20833      -47105      1538.2    2985.711    1.668671    3.726699     -161.863   
 342       14.25   -47103.25    1532.611     2985.68    1.667612    3.730992    -161.8664   
 343    14.29167   -47101.43    1526.773     2985.65    1.668947    3.736377    -161.8691   
 344    14.33333   -47099.84    1521.681    2985.625    1.668719    3.742049    -161.8725   
 345      14.375   -47098.39    1517.039    2985.606    1.666619    3.747764     -161.876   
 346    14.41667   -47096.76    1511.839    2985.591    1.664995    3.752957    -161.8787   
 347    14.45833   -47095.02    1506.278    2985.573    1.664042    3.758466    -161.8817   
 348        14.5   -47093.36     1500.94    2985.551    1.662027    3.764219    -161.8853   
 349    14.54167   -47091.81    1495.985    2985.523    1.658731    3.769651    -161.8885   
 350    14.58333   -47090.34    1491.246    2985.494    1.656732    3.775029    -161.8911   
 351      14.625   -47088.86    1486.501    2985.474    1.656989    3.780758    -161.8937   
 352    14.66667   -47087.37    1481.732    2985.459    1.656614     3.78739    -161.8962   
 353    14.70833   -47085.78    1476.629     2985.44    1.654849    3.793933    -161.8985   
 354       14.75   -47084.05    1471.058    2985.415    1.652321    3.799539    -161.9007   
 355    14.79167    -47082.2    1465.126    2985.385    1.647108     3.80486    -161.9033   
 356    14.83333   -47080.45    1459.486    2985.359    1.638788    3.810157    -161.9054   
 357      14.875   -47078.91    1454.539    2985.341    1.630988    3.815466    -161.9066   
 358    14.91667    -47077.4     1449.71    2985.332    1.625325    3.820331    -161.9083   
 359    14.95833   -47075.75    1444.489    2985.338    1.618278     3.82452    -161.9103   
 360          15      -47074     1438.97    2985.346    1.609781     3.82883    -161.9126   
 361    15.04167   -47072.31    1433.602    2985.337    1.603476    3.832655    -161.9153   
 362    15.08333   -47070.73    1428.543    2985.319    1.596891    3.834558    -161.9168   
 363      15.125   -47069.06    1423.151    2985.305    1.587813    3.835958    -161.9182   
 364    15.16667   -47067.35    1417.643    2985.287    1.579562    3.838704     -161.921   
 365    15.20833   -47065.75    1412.496    2985.267    1.573573    3.842779    -161.9244   
 366       15.25   -47064.36    1407.998     2985.25    1.567638    3.847763    -161.9266   
 367    15.29167   -47063.05    1403.781    2985.234     1.56049    3.853188    -161.9277   
 368    15.33333   -47061.51    1398.823    2985.214    1.552692    3.858924    -161.9293   
 369      15.375   -47059.78    1393.225    2985.196    1.544516    3.864622    -161.9317   
 370    15.41667   -47058.13    1387.902    2985.181     1.53545    3.869708    -161.9342   
 371    15.45833   -47056.43    1382.432    2985.158    1.525635     3.87483    -161.9368   
 372        15.5   -47054.59    1376.493    2985.129     1.51632    3.879963    -161.9394   
 373    15.54167   -47052.81    1370.717    2985.107    1.506689    3.886352    -161.9426   
 374    15.58333   -47051.16    1365.408    2985.094    1.494647    3.893997    -161.9464   
 375      15.625   -47049.65    1360.495    2985.081    1.481552    3.901331    -161.9501   
 376    15.66667   -47048.18    1355.743    2985.065    1.471301    3.907524    -161.9543   
 377    15.70833   -47046.71    1350.994    2985.049    1.463718    3.913505    -161.9588   
 378       15.75   -47045.23    1346.187    2985.035    1.455111     3.92023    -161.9624   
 379    15.79167   -47043.63    1341.013    2985.023    1.445362    3.926684    -161.9661   
 380    15.83333   -47041.88    1335.365    2985.005    1.437229     3.93243    -161.9707   
 381      15.875   -47040.05    1329.422    2984.983    1.430742    3.938794    -161.9759   
 382    15.91667   -47038.34     1323.91    2984.971    1.423857    3.946043    -161.9802   
 383    15.95833   -47036.82    1319.047    2984.974    1.418103    3.952928     -161.983   
 384          16   -47035.26    1314.111    2984.986    1.414424    3.958249    -161.9859   
 385    16.04167   -47033.61    1308.889    2984.996    1.412464    3.962567    -161.9898   
 386    16.08333   -47032.06    1303.899    2984.997    1.412675    3.967409    -161.9947   
 387      16.125   -47030.58    1299.117    2984.988    1.416064    3.972405    -161.9999   
 388    16.16667   -47029.01    1293.994    2984.969    1.422654    3.975737    -162.0043   
 389    16.20833   -47027.27    1288.368     2984.95    1.430147    3.978126    -162.0087   
 390       16.25   -47025.44    1282.411    2984.934    1.438503    3.981719    -162.0139   
 391    16.29167   -47023.72    1276.812     2984.92    1.450586    3.985644    -162.0192   
 392    16.33333    -47022.2     1271.89    2984.911    1.464746    3.988514    -162.0245   
 393      16.375   -47020.77    1267.239    2984.904    1.479639    3.990967    -162.0294   
 394    16.41667   -47019.38    1262.707    2984.894     1.49718     3.99293    -162.0334   
 395    16.45833   -47017.91     1257.93     2984.88    1.518695     3.99406    -162.0364   
 396        16.5   -47016.22    1252.448    2984.866    1.542343    3.995467    -162.0391   
 397    16.54167   -47014.46    1246.719    2984.853    1.565346    3.997077    -162.0432   
 398    16.58333   -47012.82    1241.363    2984.846    1.589084    3.996942    -162.0484   
 399      16.625   -47011.39    1236.703    2984.839    1.614287     3.99514     -162.053   
 400    16.66667   -47009.88    1231.806    2984.827    1.640049    3.993772    -162.0573   
 401    16.70833   -47008.12    1226.076    2984.817    1.666972    3.993468    -162.0623   
 402       16.75   -47006.37    1220.344     2984.81    1.694527    3.993523    -162.0676   
 403    16.79167   -47004.83    1215.311    2984.798    1.721123     3.99357    -162.0729   
 404    16.83333   -47003.35    1210.494    2984.783    1.747838     3.99349     -162.078   
 405      16.875   -47001.76    1205.311    2984.771    1.776328    3.993523    -162.0822   
 406    16.91667   -47000.06    1199.796    2984.762    1.804924    3.994784    -162.0855   
 407    16.95833   -46998.38    1194.374    2984.761    1.831261    3.997485    -162.0881   
 408          17   -46996.79    1189.307    2984.771    1.857018    4.000495    -162.0909   
 409    17.04167   -46995.13    1183.956    2984.778    1.884348    4.004364    -162.0946   
 410    17.08333   -46993.43    1178.431    2984.777     1.91156    4.008553    -162.0991   
 411      17.125   -46991.82    1173.172    2984.767    1.937507    4.012777    -162.1029   
 412    17.16667   -46990.33    1168.299    2984.756    1.964119    4.018228    -162.1064   
 413    17.20833   -46988.85    1163.443     2984.75    1.991692    4.025294    -162.1107   
 414       17.25   -46987.27     1158.25    2984.741    2.018168    4.033107    -162.1149   
 415    17.29167    -46985.7    1153.122    2984.729    2.044042    4.041348    -162.1181   
 416    17.33333   -46984.24    1148.332    2984.721    2.070305     4.05033    -162.1207   
 417      17.375   -46982.76    1143.507    2984.718    2.094616    4.059472    -162.1244   
 418    17.41667   -46981.18    1138.292    2984.712    2.116952    4.068353    -162.1295   
 419    17.45833   -46979.36    1132.318      2984.7    2.140259    4.079105    -162.1344   
 420        17.5   -46977.52    1126.278     2984.69    2.163006    4.090238    -162.1383   
 421    17.54167   -46975.92    1121.047    2984.684    2.182284    4.099271    -162.1411   
 422    17.58333   -46974.48    1116.305    2984.674    2.198799    4.107135     -162.144   
 423      17.625   -46973.04    1111.566    2984.663    2.213722    4.114993    -162.1484   
 424    17.66667   -46971.58    1106.774    2984.657    2.226178    4.122686    -162.1536   
 425    17.70833   -46970.02    1101.636    2984.656    2.235483    4.129422    -162.1581   
 426       17.75   -46968.31    1096.026     2984.65    2.242095    4.135234    -162.1625   
 427    17.79167    -46966.5    1090.066    2984.637    2.245556    4.141544    -162.1677   
 428    17.83333   -46964.75    1084.297    2984.629      2.2459    4.148561    -162.1727   
 429      17.875   -46963.11      1078.9    2984.637    2.243094    4.154918    -162.1778   
 430    17.91667   -46961.48    1073.597    2984.654    2.236724    4.159566    -162.1836   
 431    17.95833   -46959.92    1068.524    2984.663    2.227919    4.162709    -162.1888   
 432          18   -46958.53    1063.991    2984.658    2.218053    4.165839    -162.1914   
 433    18.04167   -46957.17    1059.508    2984.646    2.205314    4.170134    -162.1932   
 434    18.08333   -46955.65    1054.471    2984.633    2.187968    4.174485    -162.1963   
 435      18.125   -46953.95    1048.876    2984.626    2.167556    4.178026    -162.2006   
 436    18.16667   -46952.16    1042.931    2984.625    2.144807    4.180759    -162.2057   
 437    18.20833   -46950.45    1037.298    2984.625    2.119752    4.183366    -162.2111   
 438       18.25   -46948.95    1032.339    2984.625    2.093683    4.185971    -162.2164   
 439    18.29167   -46947.47    1027.424    2984.625    2.066679    4.188451    -162.2213   
 440    18.33333   -46945.89    1022.196    2984.625    2.037669    4.190603    -162.2256   
 441      18.375   -46944.37    1017.144    2984.622    2.007248    4.192913    -162.2307   
 442    18.41667   -46942.91    1012.329    2984.615    1.976837    4.195637    -162.2373   
 443    18.45833   -46941.38    1007.223    2984.603    1.945407    4.197791     -162.244   
 444        18.5   -46939.82    1002.046    2984.595    1.911013    4.200788    -162.2496   
 445    18.54167   -46938.35    997.1957    2984.594     1.87552    4.205599     -162.255   
 446    18.58333   -46936.82    992.1055    2984.594    1.840483    4.210272    -162.2604   
 447      18.625   -46935.07    986.3062    2984.594    1.804719      4.2134    -162.2665   
 448    18.66667   -46933.36    980.6043    2984.594    1.766843    4.216186    -162.2733   
 449    18.70833    -46931.9    975.7405    2984.594    1.729049    4.219849    -162.2795   
 450       18.75   -46930.46    970.9686    2984.594     1.69327     4.22451    -162.2854   
 451    18.79167   -46928.83    965.5662    2984.594    1.656446    4.229823    -162.2919   
 452    18.83333   -46927.25    960.3037    2984.594    1.618773    4.235166    -162.2981   
 453      18.875   -46925.81    955.4979    2984.594    1.583747    4.240463    -162.3034   
 454    18.91667    -46924.3    950.4946    2984.593    1.548367    4.245039    -162.3098   
 455    18.95833   -46922.65    944.9938      2984.6    1.513101    4.249274    -162.3174   
 456          19   -46920.87      939.08    2984.624    1.478367    4.254197    -162.3247   
 457    19.04167   -46919.14    933.3693    2984.649    1.445003    4.259658    -162.3311   
 458    19.08333   -46917.67    928.4731    2984.657    1.414309    4.265361    -162.3385   
 459      19.125   -46916.24    923.7139    2984.656    1.384012    4.270628    -162.3476   
 460    19.16667   -46914.63    918.3333    2984.656    1.353915    4.274564    -162.3567   
 461    19.20833   -46913.05    913.0665    2984.656    1.325567    4.278757    -162.3649   
 462       19.25   -46911.61    908.2567    2984.656    1.298066    4.283959    -162.3728   
 463    19.29167    -46910.1    903.2373    2984.656    1.269913    4.288796    -162.3807   
 464    19.33333   -46908.54    898.0131    2984.656    1.243016    4.292612    -162.3888   
 465      19.375   -46907.07    893.0956    2984.656    1.218479    4.295538    -162.3975   
 466    19.41667   -46905.58    888.1332    2984.657    1.194937    4.298125    -162.4068   
 467    19.45833   -46903.89    882.4815     2984.66    1.171852    4.300732    -162.4153   
 468        19.5   -46902.11    876.5159     2984.67    1.149997    4.303285    -162.4231   
 469    19.54167   -46900.43    870.9098    2984.682    1.129703     4.30552     -162.431   
 470    19.58333   -46898.91    865.8004    2984.688    1.110811    4.306606    -162.4392   
 471      19.625   -46897.47    861.0005    2984.688    1.093458    4.306743    -162.4483   
 472    19.66667   -46895.96    855.9544    2984.688    1.076571    4.306591    -162.4566   
 473    19.70833   -46894.39     850.686    2984.689    1.058941    4.306979    -162.4627   
 474       19.75    -46892.9    845.6892    2984.692    1.041812    4.308891    -162.4686   
 475    19.79167   -46891.48    840.9392    2984.702    1.026831    4.311799    -162.4757   
 476    19.83333   -46890.09    836.3199    2984.716    1.012745    4.315743    -162.4838   
 477      19.875   -46888.74    831.8141    2984.734   0.9975453    4.322225    -162.4928   
 478    19.91667   -46887.21    826.7824     2984.77   0.9813141    4.330316    -162.5036   
 479    19.95833   -46885.35    820.6809     2984.83   0.9649202    4.338226    -162.5164   
 480          20   -46883.15    813.4933    2984.916   0.9487945    4.345295     -162.531   
 481    20.04167   -46880.89    806.0706    2984.997   0.9328339    4.351365    -162.5436   
 482    20.08333   -46879.21    800.4163    2984.996   0.9163048    4.356269    -162.5444   
 483      20.125   -46878.29     797.096      2984.9   0.8989299    4.360709    -162.5319   
 484    20.16667   -46877.25    793.3851    2984.828   0.8824389    4.365864    -162.5231   
 485    20.20833   -46875.89    788.7745    2984.812    0.868161    4.370756    -162.5228   
 486       20.25   -46874.45    783.9527    2984.813   0.8550414    4.374457    -162.5253   
 487    20.29167   -46872.91    778.7889     2984.82   0.8414866     4.37812    -162.5262   
 488    20.33333   -46871.23    773.1225    2984.831   0.8281892    4.381609    -162.5263   
 489      20.375   -46869.44    767.1415     2984.84   0.8158807     4.38432    -162.5262   
 490    20.41667   -46867.79    761.5719    2984.849   0.8046692    4.386715    -162.5253   
 491    20.45833   -46866.32    756.6569    2984.863   0.7930345    4.388356    -162.5229   
 492        20.5   -46864.85    751.6826    2984.873   0.7808128    4.388938    -162.5205   
 493    20.54167   -46863.29    746.4292    2984.876    0.768996    4.389043    -162.5184   
 494    20.58333   -46861.79    741.4156    2984.886    0.758003    4.389086     -162.516   
 495      20.625   -46860.35     736.569    2984.901   0.7475818    4.389042    -162.5133   
 496    20.66667   -46858.81    731.3918    2984.913   0.7373664    4.389023    -162.5098   
 497    20.70833   -46857.24    726.1095    2984.925   0.7268143     4.39006    -162.5054   
 498       20.75   -46855.67    720.8193    2984.934   0.7142436     4.39256    -162.5002   
 499    20.79167   -46853.99    715.1739    2984.942   0.7003812    4.394559    -162.4949   
 500    20.83333   -46852.36    709.6649    2984.956   0.6870992    4.395814    -162.4895   
 501      20.875   -46850.78     704.377     2984.97   0.6731836    4.397579    -162.4841   
 502    20.91667   -46849.21    699.0606    2984.983    0.657641    4.399638    -162.4784   
 503    20.95833   -46847.71    694.0215    2984.999   0.6411567    4.402439    -162.4728   
 504          21   -46846.26    689.1689    2985.022   0.6239717    4.406665    -162.4674   
 505    21.04167   -46844.72    684.0073    2985.047   0.6072062    4.410964    -162.4605   
 506    21.08333   -46843.18    678.8494    2985.062   0.5923569    4.414429    -162.4536   
 507      21.125   -46841.74    674.0084     2985.07   0.5779436    4.417119    -162.4481   
 508    21.16667   -46840.22     668.887    2985.082   0.5620936    4.419667    -162.4422   
 509    21.20833   -46838.59    663.4124    2985.096   0.5456987    4.422229    -162.4356   
 510       21.25   -46837.13    658.4569     2985.11    0.531353    4.425828    -162.4295   
 511    21.29167   -46835.73    653.7361    2985.123   0.5170954    4.431168    -162.4235   
 512    21.33333    -46834.1    648.2397    2985.139   0.5005001    4.436332    -162.4167   
 513      21.375   -46832.34    642.3064    2985.162   0.4838242    4.440191    -162.4103   
 514    21.41667   -46830.76    636.9668    2985.183   0.4688786    4.444605    -162.4047   
 515    21.45833   -46829.33    632.1367    2985.197   0.4541804    4.449824    -162.3994   
 516        21.5   -46827.82    627.0458     2985.21   0.4374289    4.454428    -162.3949   
 517    21.54167   -46826.18    621.5227    2985.222   0.4201345    4.458827    -162.3905   
 518    21.58333   -46824.53    615.9509    2985.237   0.4030977    4.463939    -162.3854   
 519      21.625   -46823.06    611.0077    2985.251    0.385267    4.468961    -162.3805   
 520    21.66667   -46821.67    606.2944    2985.263   0.3677142    4.473126    -162.3761   
 521    21.70833   -46820.05    600.8176    2985.276   0.3522969    4.476739    -162.3713   
 522       21.75   -46818.29    594.9032    2985.291   0.3377813    4.480777    -162.3662   
 523    21.79167   -46816.72     589.581    2985.313   0.3231282    4.485357    -162.3625   
 524    21.83333   -46815.28    584.7346    2985.335   0.3102674    4.489141    -162.3599   
 525      21.875   -46813.77    579.6135    2985.349   0.2983837    4.492801    -162.3576   
 526    21.91667   -46812.24    574.4441    2985.371   0.2863106    4.496852    -162.3562   
 527    21.95833    -46810.8    569.6053    2985.412   0.2742593    4.500812    -162.3558   
 528          22   -46809.29     564.555    2985.454   0.2630625    4.504148    -162.3551   
 529    22.04167   -46807.68     559.155    2985.484   0.2530979    4.506959    -162.3538   
 530    22.08333    -46806.1    553.8366    2985.508   0.2441223    4.509037    -162.3536   
 531      22.125   -46804.55    548.6006    2985.525   0.2366355    4.510008    -162.3549   
 532    22.16667   -46803.02    543.4428    2985.539   0.2308597    4.511387     -162.356   
 533    22.20833   -46801.47    538.1932    2985.558   0.2252638    4.514502    -162.3571   
 534       22.25   -46799.94    533.0119    2985.582   0.2193199    4.518135    -162.3591   
 535    22.29167    -46798.4    527.8082    2985.606   0.2148926    4.520301    -162.3614   
 536    22.33333   -46796.83    522.5282    2985.624   0.2114693    4.520982    -162.3638   
 537      22.375   -46795.24    517.1413    2985.643   0.2067146    4.521759    -162.3666   
 538    22.41667   -46793.69    511.9127    2985.667   0.2016146    4.523599    -162.3694   
 539    22.45833   -46792.31    507.2212    2985.685   0.1979655    4.525519    -162.3719   
 540        22.5   -46790.88    502.3854    2985.699   0.1942174    4.526495    -162.3743   
 541    22.54167   -46789.34    497.1774    2985.719   0.1897803    4.527766    -162.3779   
 542    22.58333    -46787.8    492.0063    2985.744   0.1871332    4.529931    -162.3823   
 543      22.625   -46786.26    486.7825     2985.77   0.1852346    4.531492    -162.3862   
 544    22.66667   -46784.72    481.5833    2985.796   0.1813893    4.532413    -162.3888   
 545    22.70833   -46783.17    476.3379    2985.821   0.1777653    4.533878    -162.3917   
 546       22.75   -46781.56    470.8852    2985.842   0.1773135    4.535564    -162.3964   
 547    22.79167   -46779.94    465.4279    2985.861   0.1776211    4.537981    -162.4016   
 548    22.83333   -46778.41    460.2709    2985.885   0.1766752    4.541126    -162.4045   
 549      22.875   -46777.02    455.5581    2985.914   0.1762592    4.542578    -162.4053   
 550    22.91667   -46775.59    450.6833    2985.948   0.1764943    4.543555    -162.4061   
 551    22.95833   -46773.96    445.1738    2985.983   0.1764307    4.546465    -162.4102   
 552          23   -46772.26    439.4574    2986.015   0.1767534    4.550564    -162.4176   
 553    23.04167   -46770.75     434.347    2986.044   0.1784677    4.553662    -162.4242   
 554    23.08333   -46769.39    429.7276    2986.072    0.181007    4.556134    -162.4294   
 555      23.125    -46767.9    424.6988      2986.1   0.1844606    4.558971    -162.4349   
 556    23.16667    -46766.3    419.2572    2986.125   0.1891504     4.56234      -162.44   
 557    23.20833   -46764.72    413.9272     2986.15   0.1942985    4.566516    -162.4433   
 558       23.25   -46763.17    408.6934    2986.177   0.2001315    4.571094    -162.4457   
 559    23.29167   -46761.65    403.5377    2986.203   0.2058159    4.575568    -162.4493   
 560    23.33333    -46760.1    398.3002    2986.235   0.2104267      4.5792    -162.4537   
 561      23.375   -46758.57     393.126    2986.268   0.2157813    4.581686    -162.4583   
 562    23.41667   -46756.97     387.703    2986.296   0.2217456    4.584475    -162.4624   
 563    23.45833   -46755.26     381.898    2986.322   0.2267684    4.588128    -162.4655   
 564        23.5   -46753.65    376.4542    2986.349    0.231148    4.590988     -162.469   
 565    23.54167   -46752.22    371.6413    2986.374   0.2363201    4.592531    -162.4731   
 566    23.58333   -46750.75    366.6741      2986.4   0.2425027    4.594598    -162.4762   
 567      23.625   -46749.13    361.1708    2986.433   0.2489183    4.598072    -162.4783   
 568    23.66667   -46747.52    355.7044    2986.467   0.2559584    4.601637    -162.4807   
 569    23.70833   -46746.02    350.6231    2986.499    0.262823    4.604457    -162.4835   
 570       23.75   -46744.57    345.7348    2986.526   0.2681583    4.606947    -162.4869   
 571    23.79167   -46743.22    341.1476    2986.548   0.2721632    4.608446    -162.4904   
 572    23.83333    -46741.8    336.3572     2986.57   0.2760611    4.608821    -162.4926   
 573      23.875   -46740.16    330.7747      2986.6   0.2813336     4.60937    -162.4938   
 574    23.91667   -46738.51    325.1919    2986.635   0.2870575    4.611083    -162.4956   
 575    23.95833   -46736.94    319.8897    2986.676   0.2919691    4.613032    -162.4976   
 576          24   -46735.29    314.2959    2986.735   0.2977726    4.614218    -162.4988   
 577    24.04167   -46733.64     308.684    2986.802   0.3041304    4.615684    -162.5002   
 578    24.08333   -46732.09    303.4202    2986.854   0.3079049    4.617805    -162.5024   
 579      24.125   -46730.62    298.4605    2986.888   0.3107826    4.619259    -162.5038   
 580    24.16667    -46729.1    293.2883    2986.926   0.3157542    4.620044    -162.5042   
 581    24.20833   -46727.45    287.6899    2986.976   0.3229821    4.620781    -162.5043   
 582       24.25   -46725.86     282.304    2987.023   0.3255489    4.623157    -162.5042   
 583    24.29167   -46724.35    277.1909    2987.061   0.3251186    4.625815    -162.5039   
 584    24.33333   -46722.88    272.1834    2987.093   0.3233688    4.627906    -162.5037   
 585      24.375   -46721.38    267.1143    2987.121   0.3219772    4.628584    -162.5037   
 586    24.41667   -46719.82    261.8164    2987.145   0.3226214    4.627001     -162.504   
 587    24.45833   -46718.15    256.1732    2987.168   0.3266788    4.622567    -162.5047   
 588        24.5   -46716.65      251.07    2987.191   0.3295629    4.619792     -162.504   
#  589    24.54167   -46715.59    247.4771    2987.214   0.3255369    4.623817       -162.5   
