0  1200  0  -46314.5  1073.77  -101.136  -46782.7  2561.28  -41.8  11
0  1201  0  -46782.7  2561.28  -41.8  -47894.8  2212.59  -75.5587  11
0  1202  0  -47894.8  2212.59  -75.5587  -47426.6  725.078  -134.895  11
0  1203  0  -47426.6  725.078  -134.895  -46314.5  1073.77  -101.136  11
1  1204  0  -46313.2  1069.75  -101.744  -46781.6  2557.28  -41.8  11
1  1205  0  -46781.6  2557.28  -41.8  -47893.7  2208.46  -75.5109  11
1  1206  0  -47893.7  2208.46  -75.5109  -47425.3  720.922  -135.454  11
1  1207  0  -47425.3  720.922  -135.454  -46313.2  1069.75  -101.744  11
2  1208  0  -46311.9  1065.71  -102.319  -46780.5  2553.26  -41.8  11
2  1209  0  -46780.5  2553.26  -41.8  -47892.6  2204.27  -75.4719  11
2  1210  0  -47892.6  2204.27  -75.4719  -47424  716.724  -135.991  11
2  1211  0  -47424  716.724  -135.991  -46311.9  1065.71  -102.319  11
3  1212  0  -46310.5  1061.64  -102.883  -46779.4  2549.2  -41.8  11
3  1213  0  -46779.4  2549.2  -41.8  -47891.5  2200.06  -75.4391  11
3  1214  0  -47891.5  2200.06  -75.4391  -47422.7  712.506  -136.522  11
3  1215  0  -47422.7  712.506  -136.522  -46310.5  1061.64  -102.883  11
4  1216  0  -46309.1  1057.51  -103.435  -46778.2  2545.07  -41.8  11
4  1217  0  -46778.2  2545.07  -41.8  -47890.3  2195.78  -75.4213  11
4  1218  0  -47890.3  2195.78  -75.4213  -47421.3  708.211  -137.056  11
4  1219  0  -47421.3  708.211  -137.056  -46309.1  1057.51  -103.435  11
5  1220  0  -46307.7  1053.48  -103.944  -46777  2541.04  -41.8  11
5  1221  0  -46777  2541.04  -41.8  -47889.2  2191.55  -75.4222  11
5  1222  0  -47889.2  2191.55  -75.4222  -47419.8  703.994  -137.566  11
5  1223  0  -47419.8  703.994  -137.566  -46307.7  1053.48  -103.944  11
6  1224  0  -46306.2  1049.42  -104.437  -46775.8  2536.97  -41.8  11
6  1225  0  -46775.8  2536.97  -41.8  -47888  2187.3  -75.423  11
6  1226  0  -47888  2187.3  -75.423  -47418.4  699.748  -138.06  11
6  1227  0  -47418.4  699.748  -138.06  -46306.2  1049.42  -104.437  11
7  1228  0  -46304.7  1045.17  -104.951  -46774.5  2532.72  -41.8  11
7  1229  0  -46774.5  2532.72  -41.8  -47886.7  2182.88  -75.4153  11
7  1230  0  -47886.7  2182.88  -75.4153  -47416.9  695.32  -138.566  11
7  1231  0  -47416.9  695.32  -138.566  -46304.7  1045.17  -104.951  11
8  1232  0  -46303.1  1040.79  -105.459  -46773.2  2528.34  -41.8  11
8  1233  0  -46773.2  2528.34  -41.8  -47885.4  2178.31  -75.4114  11
8  1234  0  -47885.4  2178.31  -75.4114  -47415.4  690.759  -139.07  11
8  1235  0  -47415.4  690.759  -139.07  -46303.1  1040.79  -105.459  11
9  1236  0  -46301.6  1036.76  -105.954  -46771.9  2524.32  -41.8  11
9  1237  0  -46771.9  2524.32  -41.8  -47884.2  2174.12  -75.4313  11
9  1238  0  -47884.2  2174.12  -75.4313  -47413.9  686.56  -139.585  11
9  1239  0  -47413.9  686.56  -139.585  -46301.6  1036.76  -105.954  11
10  1240  0  -46300.2  1032.8  -106.492  -46770.7  2520.37  -41.8  11
10  1241  0  -46770.7  2520.37  -41.8  -47883  2170  -75.4464  11
10  1242  0  -47883  2170  -75.4464  -47412.5  682.428  -140.138  11
10  1243  0  -47412.5  682.428  -140.138  -46300.2  1032.8  -106.492  11
11  1244  0  -46298.6  1028.46  -107.018  -46769.4  2516.03  -41.8  11
11  1245  0  -46769.4  2516.03  -41.8  -47881.7  2165.47  -75.4497  11
11  1246  0  -47881.7  2165.47  -75.4497  -47410.9  677.903  -140.668  11
11  1247  0  -47410.9  677.903  -140.668  -46298.6  1028.46  -107.018  11
12  1248  0  -46296.9  1023.9  -107.495  -46768  2511.46  -41.8  11
12  1249  0  -46768  2511.46  -41.8  -47880.3  2160.72  -75.4708  11
12  1250  0  -47880.3  2160.72  -75.4708  -47409.2  673.153  -141.165  11
12  1251  0  -47409.2  673.153  -141.165  -46296.9  1023.9  -107.495  11
13  1252  0  -46295.3  1019.84  -107.971  -46766.6  2507.41  -41.8  11
13  1253  0  -46766.6  2507.41  -41.8  -47879  2156.49  -75.5079  11
13  1254  0  -47879  2156.49  -75.5079  -47407.7  668.917  -141.679  11
13  1255  0  -47407.7  668.917  -141.679  -46295.3  1019.84  -107.971  11
14  1256  0  -46293.9  1016.15  -108.472  -46765.5  2503.72  -41.8  11
14  1257  0  -46765.5  2503.72  -41.8  -47877.8  2152.61  -75.5297  11
14  1258  0  -47877.8  2152.61  -75.5297  -47406.3  665.034  -142.202  11
14  1259  0  -47406.3  665.034  -142.202  -46293.9  1016.15  -108.472  11
15  1260  0  -46292.3  1011.74  -108.958  -46764.1  2499.31  -41.8  11
15  1261  0  -46764.1  2499.31  -41.8  -47876.5  2147.99  -75.5466  11
15  1262  0  -47876.5  2147.99  -75.5466  -47404.6  660.428  -142.704  11
15  1263  0  -47404.6  660.428  -142.704  -46292.3  1011.74  -108.958  11
16  1264  0  -46298.1  1013.55  -108.835  -46767.1  2485.32  -41.8  11
16  1265  0  -46767.1  2485.32  -41.8  -47867.7  2136.08  -75.076  11
16  1266  0  -47867.7  2136.08  -75.076  -47398.7  664.303  -142.111  11
16  1267  0  -47398.7  664.303  -142.111  -46298.1  1013.55  -108.835  11
17  1268  0  -46304  1017.96  -106.003  -46771.7  2473.01  -41.8  11
17  1269  0  -46771.7  2473.01  -41.8  -47859.7  2124.67  -72.3603  11
17  1270  0  -47859.7  2124.67  -72.3603  -47392.1  669.619  -136.564  11
17  1271  0  -47392.1  669.619  -136.564  -46304  1017.96  -106.003  11
18  1272  0  -46300  1018.45  -108.58  -46771.6  2479.91  -41.8  11
18  1273  0  -46771.6  2479.91  -41.8  -47864.6  2128.56  -70.763  11
18  1274  0  -47864.6  2128.56  -70.763  -47393  667.097  -137.543  11
18  1275  0  -47393  667.097  -137.543  -46300  1018.45  -108.58  11
19  1276  0  -46297.6  1007.18  -105.281  -46771.9  2467.48  -41.8  11
19  1277  0  -46771.9  2467.48  -41.8  -47863.9  2114.12  -72.182  11
19  1278  0  -47863.9  2114.12  -72.182  -47389.5  653.818  -135.663  11
19  1279  0  -47389.5  653.818  -135.663  -46297.6  1007.18  -105.281  11
20  1280  0  -46297.9  996.383  -101.885  -46772  2449.84  -41.8  11
20  1281  0  -46772  2449.84  -41.8  -47858.7  2096.67  -72.4315  11
20  1282  0  -47858.7  2096.67  -72.4315  -47384.6  643.221  -132.517  11
20  1283  0  -47384.6  643.221  -132.517  -46297.9  996.383  -101.885  11
21  1284  0  -46300.6  987.672  -99.337  -46771.7  2429.71  -41.8  11
21  1285  0  -46771.7  2429.71  -41.8  -47849.8  2078.71  -72.3053  11
21  1286  0  -47849.8  2078.71  -72.3053  -47378.7  636.673  -129.842  11
21  1287  0  -47378.7  636.673  -129.842  -46300.6  987.672  -99.337  11
22  1288  0  -46301.3  982.609  -100.023  -46768.8  2418.26  -41.8  11
22  1289  0  -46768.8  2418.26  -41.8  -47842.1  2069.93  -71.5656  11
22  1290  0  -47842.1  2069.93  -71.5656  -47374.6  634.283  -129.789  11
22  1291  0  -47374.6  634.283  -129.789  -46301.3  982.609  -100.023  11
23  1292  0  -46299.6  975.689  -99.8781  -46763.4  2409.31  -41.8  11
23  1293  0  -46763.4  2409.31  -41.8  -47835.2  2063.78  -72.1731  11
23  1294  0  -47835.2  2063.78  -72.1731  -47371.4  630.166  -130.251  11
23  1295  0  -47371.4  630.166  -130.251  -46299.6  975.689  -99.8781  11
24  1296  0  -46301  971.806  -97.6552  -46759.6  2399.61  -41.8  11
24  1297  0  -46759.6  2399.61  -41.8  -47827  2057.99  -73.0088  11
24  1298  0  -47827  2057.99  -73.0088  -47368.4  630.186  -128.864  11
24  1299  0  -47368.4  630.186  -128.864  -46301  971.806  -97.6552  11
25  1300  0  -46299.5  969.677  -97.4572  -46754.9  2398.15  -41.8  11
25  1301  0  -46754.9  2398.15  -41.8  -47822.8  2058.92  -73.4798  11
25  1302  0  -47822.8  2058.92  -73.4798  -47367.4  630.441  -129.137  11
25  1303  0  -47367.4  630.441  -129.137  -46299.5  969.677  -97.4572  11
26  1304  0  -46292.1  964.28  -98.983  -46748.6  2404.64  -41.8  11
26  1305  0  -46748.6  2404.64  -41.8  -47825.4  2064.71  -74.6725  11
26  1306  0  -47825.4  2064.71  -74.6725  -47368.9  624.351  -131.855  11
26  1307  0  -47368.9  624.351  -131.855  -46292.1  964.28  -98.983  11
27  1308  0  -46282.6  956.283  -101.1  -46742.5  2411.75  -41.8  11
27  1309  0  -46742.5  2411.75  -41.8  -47830.6  2069.35  -76.9039  11
27  1310  0  -47830.6  2069.35  -76.9039  -47370.7  613.89  -136.204  11
27  1311  0  -47370.7  613.89  -136.204  -46282.6  956.283  -101.1  11
28  1312  0  -46275.3  945.961  -101.443  -46736.4  2410.55  -41.8  11
28  1313  0  -46736.4  2410.55  -41.8  -47831.3  2067.33  -78.5752  11
28  1314  0  -47831.3  2067.33  -78.5752  -47370.2  602.74  -138.218  11
28  1315  0  -47370.2  602.74  -138.218  -46275.3  945.961  -101.443  11
29  1316  0  -46276.7  937.57  -98.5912  -46734.4  2394.03  -41.8  11
29  1317  0  -46734.4  2394.03  -41.8  -47823.1  2053.37  -79.0622  11
29  1318  0  -47823.1  2053.37  -79.0622  -47365.4  596.913  -135.853  11
29  1319  0  -47365.4  596.913  -135.853  -46276.7  937.57  -98.5912  11
30  1320  0  -46281  933.142  -95.4907  -46732.7  2378.1  -41.8  11
30  1321  0  -46732.7  2378.1  -41.8  -47812.7  2041.97  -80.2557  11
30  1322  0  -47812.7  2041.97  -80.2557  -47361  597.013  -133.946  11
30  1323  0  -47361  597.013  -133.946  -46281  933.142  -95.4907  11
31  1324  0  -46283.4  928.16  -94.4223  -46730  2366.12  -41.8  11
31  1325  0  -46730  2366.12  -41.8  -47804.7  2033.84  -82.1469  11
31  1326  0  -47804.7  2033.84  -82.1469  -47358.1  595.882  -134.769  11
31  1327  0  -47358.1  595.882  -134.769  -46283.4  928.16  -94.4223  11
32  1328  0  -46283.3  922.881  -94.5453  -46727.5  2358.59  -41.8  11
32  1329  0  -46727.5  2358.59  -41.8  -47800.5  2028.14  -83.5989  11
32  1330  0  -47800.5  2028.14  -83.5989  -47356.2  592.429  -136.344  11
32  1331  0  -47356.2  592.429  -136.344  -46283.3  922.881  -94.5453  11
33  1332  0  -46279.2  918.437  -96.5109  -46724.5  2358.13  -41.8  11
33  1333  0  -46724.5  2358.13  -41.8  -47800.5  2026.92  -83.2638  11
33  1334  0  -47800.5  2026.92  -83.2638  -47355.2  587.226  -137.975  11
33  1335  0  -47355.2  587.226  -137.975  -46279.2  918.437  -96.5109  11
34  1336  0  -46277.2  914.417  -97.733  -46722.1  2354.28  -41.8  11
34  1337  0  -46722.1  2354.28  -41.8  -47798.3  2023.29  -82.9562  11
34  1338  0  -47798.3  2023.29  -82.9562  -47353.4  583.434  -138.889  11
34  1339  0  -47353.4  583.434  -138.889  -46277.2  914.417  -97.733  11
35  1340  0  -46278.4  905.896  -96.5373  -46719.5  2340.17  -41.8  11
35  1341  0  -46719.5  2340.17  -41.8  -47791.4  2012.11  -83.0135  11
35  1342  0  -47791.4  2012.11  -83.0135  -47350.4  577.827  -137.751  11
35  1343  0  -47350.4  577.827  -137.751  -46278.4  905.896  -96.5373  11
36  1344  0  -46279.9  899.344  -95.552  -46717.2  2327.7  -41.8  11
36  1345  0  -46717.2  2327.7  -41.8  -47784.8  2002.39  -83.3584  11
36  1346  0  -47784.8  2002.39  -83.3584  -47347.4  574.035  -137.11  11
36  1347  0  -47347.4  574.035  -137.11  -46279.9  899.344  -95.552  11
37  1348  0  -46282.6  895.612  -94.7589  -46715.7  2316.43  -41.8  11
37  1349  0  -46715.7  2316.43  -41.8  -47777.6  1994.26  -83.5834  11
37  1350  0  -47777.6  1994.26  -83.5834  -47344.4  573.44  -136.542  11
37  1351  0  -47344.4  573.44  -136.542  -46282.6  895.612  -94.7589  11
38  1352  0  -46286.6  892.26  -93.4734  -46715  2302.52  -41.8  11
38  1353  0  -46715  2302.52  -41.8  -47768.9  1983.91  -83.0782  11
38  1354  0  -47768.9  1983.91  -83.0782  -47340.6  573.653  -134.752  11
38  1355  0  -47340.6  573.653  -134.752  -46286.6  892.26  -93.4734  11
39  1356  0  -46288.5  889.539  -91.8342  -46715.4  2292.15  -41.8  11
39  1357  0  -46715.4  2292.15  -41.8  -47763.6  1974.57  -81.6132  11
39  1358  0  -47763.6  1974.57  -81.6132  -47336.7  571.953  -131.647  11
39  1359  0  -47336.7  571.953  -131.647  -46288.5  889.539  -91.8342  11
40  1360  0  -46287  884.089  -90.5037  -46714  2286.27  -41.8  11
40  1361  0  -46714  2286.27  -41.8  -47761.9  1968.51  -80.24  11
40  1362  0  -47761.9  1968.51  -80.24  -47334.9  566.336  -128.944  11
40  1363  0  -47334.9  566.336  -128.944  -46287  884.089  -90.5037  11
41  1364  0  -46283.5  875.856  -90.3291  -46710.4  2282.51  -41.8  11
41  1365  0  -46710.4  2282.51  -41.8  -47761.6  1964.78  -79.9518  11
41  1366  0  -47761.6  1964.78  -79.9518  -47334.7  558.124  -128.481  11
41  1367  0  -47334.7  558.124  -128.481  -46283.5  875.856  -90.3291  11
42  1368  0  -46282.3  868.592  -90.2875  -46707.1  2274.96  -41.8  11
42  1369  0  -46707.1  2274.96  -41.8  -47758.1  1958.83  -80.6239  11
42  1370  0  -47758.1  1958.83  -80.6239  -47333.3  552.472  -129.111  11
42  1371  0  -47333.3  552.472  -129.111  -46282.3  868.592  -90.2875  11
43  1372  0  -46280.4  862.339  -91.6946  -46704  2270.02  -41.8  11
43  1373  0  -46704  2270.02  -41.8  -47756  1954.86  -81.8381  11
43  1374  0  -47756  1954.86  -81.8381  -47332.3  547.182  -131.733  11
43  1375  0  -47332.3  547.182  -131.733  -46280.4  862.339  -91.6946  11
44  1376  0  -46277.7  857.705  -93.0496  -46703.5  2267.04  -41.8  11
44  1377  0  -46703.5  2267.04  -41.8  -47756.8  1950.21  -81.5978  11
44  1378  0  -47756.8  1950.21  -81.5978  -47330.9  540.881  -132.847  11
44  1379  0  -47330.9  540.881  -132.847  -46277.7  857.705  -93.0496  11
45  1380  0  -46276.4  854.75  -91.6157  -46705  2262.77  -41.8  11
45  1381  0  -46705  2262.77  -41.8  -47757.3  1943.82  -80.6637  11
45  1382  0  -47757.3  1943.82  -80.6637  -47328.6  535.806  -130.479  11
45  1383  0  -47328.6  535.806  -130.479  -46276.4  854.75  -91.6157  11
46  1384  0  -46277.9  852.953  -88.4203  -46707.7  2253.87  -41.8  11
46  1385  0  -46707.7  2253.87  -41.8  -47754.6  1934  -80.7967  11
46  1386  0  -47754.6  1934  -80.7967  -47324.8  533.084  -127.417  11
46  1387  0  -47324.8  533.084  -127.417  -46277.9  852.953  -88.4203  11
47  1388  0  -46277.4  849.083  -86.1478  -46708.5  2247.35  -41.8  11
47  1389  0  -46708.5  2247.35  -41.8  -47753.3  1926.49  -81.6696  11
47  1390  0  -47753.3  1926.49  -81.6696  -47322.2  528.223  -126.017  11
47  1391  0  -47322.2  528.223  -126.017  -46277.4  849.083  -86.1478  11
48  1392  0  -46275.4  844.363  -84.8664  -46708  2243.23  -41.8  11
48  1393  0  -46708  2243.23  -41.8  -47753.2  1921.21  -81.9191  11
48  1394  0  -47753.2  1921.21  -81.9191  -47320.6  522.347  -124.985  11
48  1395  0  -47320.6  522.347  -124.985  -46275.4  844.363  -84.8664  11
49  1396  0  -46274.6  840.329  -83.1081  -46708.6  2236.75  -41.8  11
49  1397  0  -46708.6  2236.75  -41.8  -47751.9  1913.68  -80.4375  11
49  1398  0  -47751.9  1913.68  -80.4375  -47318  517.263  -121.746  11
49  1399  0  -47318  517.263  -121.746  -46274.6  840.329  -83.1081  11
50  1400  0  -46274.3  836.475  -81.3934  -46709.2  2229.77  -41.8  11
50  1401  0  -46709.2  2229.77  -41.8  -47750.3  1905.83  -78.7501  11
50  1402  0  -47750.3  1905.83  -78.7501  -47315.3  512.533  -118.344  11
50  1403  0  -47315.3  512.533  -118.344  -46274.3  836.475  -81.3934  11
51  1404  0  -46272.2  830.895  -80.7268  -46707.6  2225.53  -41.8  11
51  1405  0  -46707.6  2225.53  -41.8  -47749.6  1901.32  -78.9139  11
51  1406  0  -47749.6  1901.32  -78.9139  -47314.2  506.686  -117.841  11
51  1407  0  -47314.2  506.686  -117.841  -46272.2  830.895  -80.7268  11
52  1408  0  -46271.5  826.102  -79.8606  -46706.5  2219.14  -41.8  11
52  1409  0  -46706.5  2219.14  -41.8  -47747.4  1895.1  -77.596  11
52  1410  0  -47747.4  1895.1  -77.596  -47312.3  502.065  -115.657  11
52  1411  0  -47312.3  502.065  -115.657  -46271.5  826.102  -79.8606  11
53  1412  0  -46272.8  822.426  -78.6416  -46706.6  2209.55  -41.8  11
53  1413  0  -46706.6  2209.55  -41.8  -47743  1886.34  -75.7099  11
53  1414  0  -47743  1886.34  -75.7099  -47309.2  499.215  -112.551  11
53  1415  0  -47309.2  499.215  -112.551  -46272.8  822.426  -78.6416  11
54  1416  0  -46275.4  818.773  -78.1212  -46706.4  2197.72  -41.8  11
54  1417  0  -46706.4  2197.72  -41.8  -47736.7  1876.58  -74.7518  11
54  1418  0  -47736.7  1876.58  -74.7518  -47305.7  497.633  -111.073  11
54  1419  0  -47305.7  497.633  -111.073  -46275.4  818.773  -78.1212  11
55  1420  0  -46277.4  814.164  -78.145  -46706.5  2186.04  -41.8  11
55  1421  0  -46706.5  2186.04  -41.8  -47731.6  1866.27  -74.1446  11
55  1422  0  -47731.6  1866.27  -74.1446  -47302.5  494.392  -110.49  11
55  1423  0  -47302.5  494.392  -110.49  -46277.4  814.164  -78.145  11
56  1424  0  -46275  806.868  -78.6865  -46703  2181.48  -41.8  11
56  1425  0  -46703  2181.48  -41.8  -47730  1862.64  -75.4029  11
56  1426  0  -47730  1862.64  -75.4029  -47302.1  488.019  -112.289  11
56  1427  0  -47302.1  488.019  -112.289  -46275  806.868  -78.6865  11
57  1428  0  -46272.5  799.591  -79.2873  -46698.6  2177.33  -41.8  11
57  1429  0  -46698.6  2177.33  -41.8  -47728  1859.9  -76.1787  11
57  1430  0  -47728  1859.9  -76.1787  -47301.9  482.158  -113.666  11
57  1431  0  -47301.9  482.158  -113.666  -46272.5  799.591  -79.2873  11
58  1432  0  -46269.6  793.025  -80.4594  -46695.1  2174.23  -41.8  11
58  1433  0  -46695.1  2174.23  -41.8  -47727.1  1857.23  -76.2066  11
58  1434  0  -47727.1  1857.23  -76.2066  -47301.6  476.035  -114.866  11
58  1435  0  -47301.6  476.035  -114.866  -46269.6  793.025  -80.4594  11
59  1436  0  -46266.9  786.819  -82.9078  -46693.2  2170.44  -41.8  11
59  1437  0  -46693.2  2170.44  -41.8  -47727.1  1852.92  -75.4755  11
59  1438  0  -47727.1  1852.92  -75.4755  -47300.8  469.29  -116.583  11
59  1439  0  -47300.8  469.29  -116.583  -46266.9  786.819  -82.9078  11
60  1440  0  -46265.5  781.292  -84.2427  -46692.4  2164.68  -41.8  11
60  1441  0  -46692.4  2164.68  -41.8  -47726.1  1846.74  -75.1055  11
60  1442  0  -47726.1  1846.74  -75.1055  -47299.3  463.352  -117.548  11
60  1443  0  -47299.3  463.352  -117.548  -46265.5  781.292  -84.2427  11
61  1444  0  -46267.4  776.247  -82.3552  -46691.8  2153.92  -41.8  11
61  1445  0  -46691.8  2153.92  -41.8  -47721.3  1837.76  -75.6282  11
61  1446  0  -47721.3  1837.76  -75.6282  -47296.8  460.087  -116.183  11
61  1447  0  -47296.8  460.087  -116.183  -46267.4  776.247  -82.3552  11
62  1448  0  -46266.7  770.626  -81.0395  -46690.3  2147.7  -41.8  11
62  1449  0  -46690.3  2147.7  -41.8  -47719.2  1832.18  -76.0045  11
62  1450  0  -47719.2  1832.18  -76.0045  -47295.6  455.103  -115.244  11
62  1451  0  -47295.6  455.103  -115.244  -46266.7  770.626  -81.0395  11
63  1452  0  -46263.4  763.47  -80.9024  -46687.4  2144.77  -41.8  11
63  1453  0  -46687.4  2144.77  -41.8  -47719.5  1828.92  -76.0151  11
63  1454  0  -47719.5  1828.92  -76.0151  -47295.5  447.619  -115.117  11
63  1455  0  -47295.5  447.619  -115.117  -46263.4  763.47  -80.9024  11
64  1456  0  -46261.5  757.194  -80.9248  -46685.2  2139.62  -41.8  11
64  1457  0  -46685.2  2139.62  -41.8  -47718.2  1824.02  -75.8326  11
64  1458  0  -47718.2  1824.02  -75.8326  -47294.5  441.589  -114.957  11
64  1459  0  -47294.5  441.589  -114.957  -46261.5  757.194  -80.9248  11
65  1460  0  -46260.5  752.077  -79.7238  -46684.4  2133.97  -41.8  11
65  1461  0  -46684.4  2133.97  -41.8  -47716.9  1818.15  -75.3118  11
65  1462  0  -47716.9  1818.15  -75.3118  -47293  436.261  -113.236  11
65  1463  0  -47293  436.261  -113.236  -46260.5  752.077  -79.7238  11
66  1464  0  -46262.6  747.246  -77.155  -46684  2123.39  -41.8  11
66  1465  0  -46684  2123.39  -41.8  -47712.2  1809.46  -76.1523  11
66  1466  0  -47712.2  1809.46  -76.1523  -47290.8  433.315  -111.507  11
66  1467  0  -47290.8  433.315  -111.507  -46262.6  747.246  -77.155  11
67  1468  0  -46266.4  743.767  -74.6218  -46683.9  2111  -41.8  11
67  1469  0  -46683.9  2111  -41.8  -47705.3  1800.04  -77.8735  11
67  1470  0  -47705.3  1800.04  -77.8735  -47287.8  432.804  -110.695  11
67  1471  0  -47287.8  432.804  -110.695  -46266.4  743.767  -74.6218  11
68  1472  0  -46267.6  739.209  -72.9401  -46683.6  2101.95  -41.8  11
68  1473  0  -46683.6  2101.95  -41.8  -47701.6  1792.06  -79.106  11
68  1474  0  -47701.6  1792.06  -79.106  -47285.6  429.317  -110.246  11
68  1475  0  -47285.6  429.317  -110.246  -46267.6  739.209  -72.9401  11
69  1476  0  -46266.5  733.501  -74.3473  -46682.8  2095.79  -41.8  11
69  1477  0  -46682.8  2095.79  -41.8  -47700.5  1785.65  -78.8011  11
69  1478  0  -47700.5  1785.65  -78.8011  -47284.2  423.368  -111.348  11
69  1479  0  -47284.2  423.368  -111.348  -46266.5  733.501  -74.3473  11
70  1480  0  -46264.3  727.857  -77.3992  -46681.8  2091.38  -41.8  11
70  1481  0  -46681.8  2091.38  -41.8  -47700.5  1780.44  -78.1596  11
70  1482  0  -47700.5  1780.44  -78.1596  -47283  416.916  -113.759  11
70  1483  0  -47283  416.916  -113.759  -46264.3  727.857  -77.3992  11
71  1484  0  -46262.1  722.112  -80.0586  -46680.7  2087.26  -41.8  11
71  1485  0  -46680.7  2087.26  -41.8  -47700.7  1775.52  -77.6536  11
71  1486  0  -47700.7  1775.52  -77.6536  -47282.1  410.372  -115.912  11
71  1487  0  -47282.1  410.372  -115.912  -46262.1  722.112  -80.0586  11
72  1488  0  -46260  716.251  -80.7951  -46679  2082.75  -41.8  11
72  1489  0  -46679  2082.75  -41.8  -47700  1770.67  -77.5603  11
72  1490  0  -47700  1770.67  -77.5603  -47281  404.172  -116.555  11
72  1491  0  -47281  404.172  -116.555  -46260  716.251  -80.7951  11
73  1492  0  -46258.2  709.903  -80.5296  -46676.4  2077.77  -41.8  11
73  1493  0  -46676.4  2077.77  -41.8  -47698.4  1766.31  -77.5444  11
73  1494  0  -47698.4  1766.31  -77.5444  -47280.2  398.443  -116.274  11
73  1495  0  -47280.2  398.443  -116.274  -46258.2  709.903  -80.5296  11
74  1496  0  -46255.7  702.662  -81.0498  -46672.9  2073.59  -41.8  11
74  1497  0  -46672.9  2073.59  -41.8  -47697.2  1762.94  -77.7353  11
74  1498  0  -47697.2  1762.94  -77.7353  -47280.1  392.01  -116.985  11
74  1499  0  -47280.1  392.01  -116.985  -46255.7  702.662  -81.0498  11
75  1500  0  -46253.3  696.493  -82.5591  -46670.6  2069.5  -41.8  11
75  1501  0  -46670.6  2069.5  -41.8  -47696.5  1758.79  -76.8239  11
75  1502  0  -47696.5  1758.79  -76.8239  -47279.3  385.774  -117.583  11
75  1503  0  -47279.3  385.774  -117.583  -46253.3  696.493  -82.5591  11
76  1504  0  -46252.8  691.292  -82.3155  -46669.2  2063.07  -41.8  11
76  1505  0  -46669.2  2063.07  -41.8  -47694.3  1752.85  -74.6592  11
76  1506  0  -47694.3  1752.85  -74.6592  -47277.8  381.071  -115.175  11
76  1507  0  -47277.8  381.071  -115.175  -46252.8  691.292  -82.3155  11
77  1508  0  -46253  686.057  -81.2812  -46667.8  2055.54  -41.8  11
77  1509  0  -46667.8  2055.54  -41.8  -47691.1  1746.48  -72.2545  11
77  1510  0  -47691.1  1746.48  -72.2545  -47276.4  376.988  -111.736  11
77  1511  0  -47276.4  376.988  -111.736  -46253  686.057  -81.2812  11
78  1512  0  -46252  680.852  -80.5217  -46666.1  2049.63  -41.8  11
78  1513  0  -46666.1  2049.63  -41.8  -47688.9  1741.05  -70.4628  11
78  1514  0  -47688.9  1741.05  -70.4628  -47274.9  372.272  -109.185  11
78  1515  0  -47274.9  372.272  -109.185  -46252  680.852  -80.5217  11
79  1516  0  -46249.8  674.556  -80.955  -46663.4  2045.04  -41.8  11
79  1517  0  -46663.4  2045.04  -41.8  -47687.5  1736.79  -69.928  11
79  1518  0  -47687.5  1736.79  -69.928  -47274  366.306  -109.083  11
79  1519  0  -47274  366.306  -109.083  -46249.8  674.556  -80.955  11
80  1520  0  -46247.2  668.033  -82.4025  -46661.1  2041.04  -41.8  11
80  1521  0  -46661.1  2041.04  -41.8  -47687.2  1732.5  -69.359  11
80  1522  0  -47687.2  1732.5  -69.359  -47273.2  359.493  -109.961  11
80  1523  0  -47273.2  359.493  -109.961  -46247.2  668.033  -82.4025  11
81  1524  0  -46246.3  662.738  -81.4656  -46659.7  2034.69  -41.8  11
81  1525  0  -46659.7  2034.69  -41.8  -47685  1726.47  -68.8281  11
81  1526  0  -47685  1726.47  -68.8281  -47271.5  354.522  -108.494  11
81  1527  0  -47271.5  354.522  -108.494  -46246.3  662.738  -81.4656  11
82  1528  0  -46244.5  656.638  -80.5248  -46657.3  2029.42  -41.8  11
82  1529  0  -46657.3  2029.42  -41.8  -47683.2  1721.68  -68.2389  11
82  1530  0  -47683.2  1721.68  -68.2389  -47270.4  348.895  -106.964  11
82  1531  0  -47270.4  348.895  -106.964  -46244.5  656.638  -80.5248  11
83  1532  0  -46243  651.788  -79.1855  -46655.9  2024.19  -41.8  11
83  1533  0  -46655.9  2024.19  -41.8  -47681.5  1716.3  -66.6188  11
83  1534  0  -47681.5  1716.3  -66.6188  -47268.6  343.899  -104.004  11
83  1535  0  -47268.6  343.899  -104.004  -46243  651.788  -79.1855  11
84  1536  0  -46242.4  647.38  -78.0196  -46655.3  2017.49  -41.8  11
84  1537  0  -46655.3  2017.49  -41.8  -47679.1  1709.56  -65.1222  11
84  1538  0  -47679.1  1709.56  -65.1222  -47266.2  339.447  -101.342  11
84  1539  0  -47266.2  339.447  -101.342  -46242.4  647.38  -78.0196  11
85  1540  0  -46241.4  641.246  -78.2042  -46652.1  2010.73  -41.8  11
85  1541  0  -46652.1  2010.73  -41.8  -47675.5  1704.43  -65.3315  11
85  1542  0  -47675.5  1704.43  -65.3315  -47264.8  334.95  -101.736  11
85  1543  0  -47264.8  334.95  -101.736  -46241.4  641.246  -78.2042  11
86  1544  0  -46238.1  634.27  -79.0881  -46647.9  2007.22  -41.8  11
86  1545  0  -46647.9  2007.22  -41.8  -47673.9  1701.65  -65.801  11
86  1546  0  -47673.9  1701.65  -65.801  -47264.1  328.7  -103.089  11
86  1547  0  -47264.1  328.7  -103.089  -46238.1  634.27  -79.0881  11
87  1548  0  -46236  628.977  -78.7321  -46645.9  2002.46  -41.8  11
87  1549  0  -46645.9  2002.46  -41.8  -47672.3  1696.76  -65.1162  11
87  1550  0  -47672.3  1696.76  -65.1162  -47262.4  323.279  -102.048  11
87  1551  0  -47262.4  323.279  -102.048  -46236  628.977  -78.7321  11
88  1552  0  -46234.7  623.313  -78.2563  -46643.5  1996.02  -41.8  11
88  1553  0  -46643.5  1996.02  -41.8  -47669.3  1691.18  -65.1768  11
88  1554  0  -47669.3  1691.18  -65.1768  -47260.6  318.472  -101.633  11
88  1555  0  -47260.6  318.472  -101.633  -46234.7  623.313  -78.2563  11
89  1556  0  -46233.1  617.888  -76.5767  -46641.2  1990.29  -41.8  11
89  1557  0  -46641.2  1990.29  -41.8  -47666.7  1685.95  -66.0902  11
89  1558  0  -47666.7  1685.95  -66.0902  -47258.6  313.548  -100.867  11
89  1559  0  -47258.6  313.548  -100.867  -46233.1  617.888  -76.5767  11
90  1560  0  -46230.8  613.326  -75.7858  -46640.3  1985.15  -41.8  11
90  1561  0  -46640.3  1985.15  -41.8  -47665.3  1679.82  -66.7115  11
90  1562  0  -47665.3  1679.82  -66.7115  -47255.9  307.994  -100.697  11
90  1563  0  -47255.9  307.994  -100.697  -46230.8  613.326  -75.7858  11
91  1564  0  -46229.6  609.155  -75.8756  -46639.4  1978.43  -41.8  11
91  1565  0  -46639.4  1978.43  -41.8  -47662.5  1672.91  -67.3726  11
91  1566  0  -47662.5  1672.91  -67.3726  -47252.8  303.636  -101.448  11
91  1567  0  -47252.8  303.636  -101.448  -46229.6  609.155  -75.8756  11
92  1568  0  -46230.1  605.733  -75.7536  -46638.4  1969.75  -41.8  11
92  1569  0  -46638.4  1969.75  -41.8  -47657.7  1665.32  -68.6321  11
92  1570  0  -47657.7  1665.32  -68.6321  -47249.4  301.309  -102.586  11
92  1571  0  -47249.4  301.309  -102.586  -46230.1  605.733  -75.7536  11
93  1572  0  -46227.4  599.645  -76.7112  -46634.9  1964.89  -41.8  11
93  1573  0  -46634.9  1964.89  -41.8  -47655  1661.14  -69.8175  11
93  1574  0  -47655  1661.14  -69.8175  -47247.6  295.901  -104.729  11
93  1575  0  -47247.6  295.901  -104.729  -46227.4  599.645  -76.7112  11
94  1576  0  -46223.1  592.719  -77.1077  -46630.4  1961.97  -41.8  11
94  1577  0  -46630.4  1961.97  -41.8  -47653.5  1658.4  -70.9367  11
94  1578  0  -47653.5  1658.4  -70.9367  -47246.2  289.147  -106.244  11
94  1579  0  -47246.2  289.147  -106.244  -46223.1  592.719  -77.1077  11
95  1580  0  -46221.7  588.237  -77.9626  -46628.1  1955.61  -41.8  11
95  1581  0  -46628.1  1955.61  -41.8  -47649.9  1652.65  -70.4634  11
95  1582  0  -47649.9  1652.65  -70.4634  -47243.4  285.277  -106.626  11
95  1583  0  -47243.4  285.277  -106.626  -46221.7  588.237  -77.9626  11
96  1584  0  -46218  582.556  -80.3596  -46625.3  1951.71  -41.8  11
96  1585  0  -46625.3  1951.71  -41.8  -47648.4  1648.17  -70.8436  11
96  1586  0  -47648.4  1648.17  -70.8436  -47241.1  279.011  -109.403  11
96  1587  0  -47241.1  279.011  -109.403  -46218  582.556  -80.3596  11
97  1588  0  -46213.2  576.229  -82.4246  -46621.8  1948.63  -41.8  11
97  1589  0  -46621.8  1948.63  -41.8  -47647.4  1644.15  -72.0372  11
97  1590  0  -47647.4  1644.15  -72.0372  -47238.7  271.745  -112.662  11
97  1591  0  -47238.7  271.745  -112.662  -46213.2  576.229  -82.4246  11
98  1592  0  -46211  570.793  -82.1909  -46618.5  1942.66  -41.8  11
98  1593  0  -46618.5  1942.66  -41.8  -47643.6  1639.1  -73.2844  11
98  1594  0  -47643.6  1639.1  -73.2844  -47236.1  267.236  -113.675  11
98  1595  0  -47236.1  267.236  -113.675  -46211  570.793  -82.1909  11
99  1596  0  -46211.3  567.098  -81.56  -46616.2  1934.2  -41.8  11
99  1597  0  -46616.2  1934.2  -41.8  -47637.7  1632.6  -73.3848  11
99  1598  0  -47637.7  1632.6  -73.3848  -47232.9  265.5  -113.145  11
99  1599  0  -47232.9  265.5  -113.145  -46211.3  567.098  -81.56  11
100  1600  0  -46207.3  561.73  -83.5247  -46612.8  1931.04  -41.8  11
100  1601  0  -46612.8  1931.04  -41.8  -47636.1  1628.94  -73.916  11
100  1602  0  -47636.1  1628.94  -73.916  -47230.5  259.634  -115.641  11
100  1603  0  -47230.5  259.634  -115.641  -46207.3  561.73  -83.5247  11
101  1604  0  -46202.3  555.72  -85.7544  -46609.4  1928.29  -41.8  11
101  1605  0  -46609.4  1928.29  -41.8  -47635.1  1625.12  -74.8458  11
101  1606  0  -47635.1  1625.12  -74.8458  -47228  252.557  -118.8  11
101  1607  0  -47228  252.557  -118.8  -46202.3  555.72  -85.7544  11
102  1608  0  -46200.7  550.608  -85.646  -46606.4  1921.08  -41.8  11
102  1609  0  -46606.4  1921.08  -41.8  -47630.6  1618.97  -75.8871  11
102  1610  0  -47630.6  1618.97  -75.8871  -47224.8  248.492  -119.733  11
102  1611  0  -47224.8  248.492  -119.733  -46200.7  550.608  -85.646  11
103  1612  0  -46197.3  545.942  -86.8792  -46603.8  1916.67  -41.8  11
103  1613  0  -46603.8  1916.67  -41.8  -47628.2  1614  -76.3936  11
103  1614  0  -47628.2  1614  -76.3936  -47221.7  243.272  -121.473  11
103  1615  0  -47221.7  243.272  -121.473  -46197.3  545.942  -86.8792  11
104  1616  0  -46194.1  541.407  -87.0596  -46601.4  1912.07  -41.8  11
104  1617  0  -46601.4  1912.07  -41.8  -47625.7  1608.88  -76.4298  11
104  1618  0  -47625.7  1608.88  -76.4298  -47218.4  238.221  -121.689  11
104  1619  0  -47218.4  238.221  -121.689  -46194.1  541.407  -87.0596  11
105  1620  0  -46191.9  535.841  -87.0657  -46597.7  1905.78  -41.8  11
105  1621  0  -46597.7  1905.78  -41.8  -47621.5  1603.69  -77.5753  11
105  1622  0  -47621.5  1603.69  -77.5753  -47215.6  233.758  -122.841  11
105  1623  0  -47215.6  233.758  -122.841  -46191.9  535.841  -87.0657  11
106  1624  0  -46188.6  529.84  -87.7793  -46593.7  1900.69  -41.8  11
106  1625  0  -46593.7  1900.69  -41.8  -47618.2  1599.17  -78.9123  11
106  1626  0  -47618.2  1599.17  -78.9123  -47213  228.316  -124.892  11
106  1627  0  -47213  228.316  -124.892  -46188.6  529.84  -87.7793  11
107  1628  0  -46184.5  524.511  -89.3294  -46590.7  1896.63  -41.8  11
107  1629  0  -46590.7  1896.63  -41.8  -47616.1  1594.38  -79.3712  11
107  1630  0  -47616.1  1594.38  -79.3712  -47209.9  222.269  -126.901  11
107  1631  0  -47209.9  222.269  -126.901  -46184.5  524.511  -89.3294  11
108  1632  0  -46182.4  520.524  -89.5957  -46588.5  1890.54  -41.8  11
108  1633  0  -46588.5  1890.54  -41.8  -47612.3  1588.39  -79.4216  11
108  1634  0  -47612.3  1588.39  -79.4216  -47206.2  218.375  -127.217  11
108  1635  0  -47206.2  218.375  -127.217  -46182.4  520.524  -89.5957  11
109  1636  0  -46179.6  515.564  -91.6858  -46585.6  1885.12  -41.8  11
109  1637  0  -46585.6  1885.12  -41.8  -47609.1  1583.07  -79.797  11
109  1638  0  -47609.1  1583.07  -79.797  -47203.1  213.519  -129.683  11
109  1639  0  -47203.1  213.519  -129.683  -46179.6  515.564  -91.6858  11
110  1640  0  -46176.1  510.356  -94.6706  -46582.7  1880.28  -41.8  11
110  1641  0  -46582.7  1880.28  -41.8  -47606.6  1577.84  -80.464  11
110  1642  0  -47606.6  1577.84  -80.464  -47200  207.91  -133.335  11
110  1643  0  -47200  207.91  -133.335  -46176.1  510.356  -94.6706  11
111  1644  0  -46172  505.383  -97.4241  -46580.1  1876.21  -41.8  11
111  1645  0  -46580.1  1876.21  -41.8  -47604.8  1572.81  -81.7053  11
111  1646  0  -47604.8  1572.81  -81.7053  -47196.7  201.982  -137.329  11
111  1647  0  -47196.7  201.982  -137.329  -46172  505.383  -97.4241  11
112  1648  0  -46167.8  499.975  -98.9843  -46576.9  1872.69  -41.8  11
112  1649  0  -46576.9  1872.69  -41.8  -47602.9  1568.65  -83.4116  11
112  1650  0  -47602.9  1568.65  -83.4116  -47193.9  195.935  -140.596  11
112  1651  0  -47193.9  195.935  -140.596  -46167.8  499.975  -98.9843  11
113  1652  0  -46165  495.192  -98.175  -46574.1  1867.58  -41.8  11
113  1653  0  -46574.1  1867.58  -41.8  -47599.9  1563.52  -83.732  11
113  1654  0  -47599.9  1563.52  -83.732  -47190.8  191.131  -140.107  11
113  1655  0  -47190.8  191.131  -140.107  -46165  495.192  -98.175  11
114  1656  0  -46162.7  490.111  -96.7273  -46571  1861.52  -41.8  11
114  1657  0  -46571  1861.52  -41.8  -47596  1558.01  -83.6725  11
114  1658  0  -47596  1558.01  -83.6725  -47187.7  186.598  -138.6  11
114  1659  0  -47187.7  186.598  -138.6  -46162.7  490.111  -96.7273  11
115  1660  0  -46160.9  484.463  -95.9904  -46567.2  1854.77  -41.8  11
115  1661  0  -46567.2  1854.77  -41.8  -47591.4  1552.77  -84.3234  11
115  1662  0  -47591.4  1552.77  -84.3234  -47185.1  182.468  -138.514  11
115  1663  0  -47185.1  182.468  -138.514  -46160.9  484.463  -95.9904  11
116  1664  0  -46157.5  478.778  -96.5952  -46563.9  1850.17  -41.8  11
116  1665  0  -46563.9  1850.17  -41.8  -47588.9  1548.15  -86.0475  11
116  1666  0  -47588.9  1548.15  -86.0475  -47182.4  176.761  -140.843  11
116  1667  0  -47182.4  176.761  -140.843  -46157.5  478.778  -96.5952  11
117  1668  0  -46153.2  473.491  -96.1512  -46561.3  1847.04  -41.8  11
117  1669  0  -46561.3  1847.04  -41.8  -47587.8  1543.81  -87.101  11
117  1670  0  -47587.8  1543.81  -87.101  -47179.7  170.261  -141.452  11
117  1671  0  -47179.7  170.261  -141.452  -46153.2  473.491  -96.1512  11
118  1672  0  -46149.5  467.667  -96.5698  -46558.6  1842.64  -41.8  11
118  1673  0  -46558.6  1842.64  -41.8  -47586.1  1538.81  -88.4  11
118  1674  0  -47586.1  1538.81  -88.4  -47177  163.831  -143.17  11
118  1675  0  -47177  163.831  -143.17  -46149.5  467.667  -96.5698  11
119  1676  0  -46144.5  460.625  -99.0508  -46554.7  1839.4  -41.8  11
119  1677  0  -46554.7  1839.4  -41.8  -47585.1  1534.83  -89.6116  11
119  1678  0  -47585.1  1534.83  -89.6116  -47174.9  156.052  -146.862  11
119  1679  0  -47174.9  156.052  -146.862  -46144.5  460.625  -99.0508  11
120  1680  0  -46140.9  454.616  -100.779  -46551.8  1834.94  -41.8  11
120  1681  0  -46551.8  1834.94  -41.8  -47583.4  1529.9  -90.4319  11
120  1682  0  -47583.4  1529.9  -90.4319  -47172.5  149.579  -149.411  11
120  1683  0  -47172.5  149.579  -149.411  -46140.9  454.616  -100.779  11
121  1684  0  -46137.9  449.268  -100.87  -46549.7  1830.24  -41.8  11
121  1685  0  -46549.7  1830.24  -41.8  -47581.8  1524.57  -91.4384  11
121  1686  0  -47581.8  1524.57  -91.4384  -47169.9  143.604  -150.508  11
121  1687  0  -47169.9  143.604  -150.508  -46137.9  449.268  -100.87  11
122  1688  0  -46134.8  444.6  -99.3524  -46548.2  1826.02  -41.8  11
122  1689  0  -46548.2  1826.02  -41.8  -47580.6  1519.16  -92.0718  11
122  1690  0  -47580.6  1519.16  -92.0718  -47167.1  137.739  -149.624  11
122  1691  0  -47167.1  137.739  -149.624  -46134.8  444.6  -99.3524  11
123  1692  0  -46134.9  440.386  -98.3571  -46547.2  1817.93  -41.8  11
123  1693  0  -46547.2  1817.93  -41.8  -47576.6  1511.96  -93.3372  11
123  1694  0  -47576.6  1511.96  -93.3372  -47164.3  134.411  -149.894  11
123  1695  0  -47164.3  134.411  -149.894  -46134.9  440.386  -98.3571  11
124  1696  0  -46137  437.064  -97.6723  -46546.9  1807.86  -41.8  11
124  1697  0  -46546.9  1807.86  -41.8  -47571.1  1503.74  -94.8028  11
124  1698  0  -47571.1  1503.74  -94.8028  -47161.2  132.947  -150.675  11
124  1699  0  -47161.2  132.947  -150.675  -46137  437.064  -97.6723  11
125  1700  0  -46136.2  432.459  -97.1592  -46545.9  1801.27  -41.8  11
125  1701  0  -46545.9  1801.27  -41.8  -47568.5  1497.41  -96.5372  11
125  1702  0  -47568.5  1497.41  -96.5372  -47158.9  128.596  -151.896  11
125  1703  0  -47158.9  128.596  -151.896  -46136.2  432.459  -97.1592  11
126  1704  0  -46134.9  426.44  -97.1493  -46543.6  1794.94  -41.8  11
126  1705  0  -46543.6  1794.94  -41.8  -47566  1491.86  -97.4351  11
126  1706  0  -47566  1491.86  -97.4351  -47157.3  123.355  -152.784  11
126  1707  0  -47157.3  123.355  -152.784  -46134.9  426.44  -97.1493  11
127  1708  0  -46134.4  420.407  -97.3609  -46541.2  1787.56  -41.8  11
127  1709  0  -46541.2  1787.56  -41.8  -47562.6  1485.91  -97.6534  11
127  1710  0  -47562.6  1485.91  -97.6534  -47155.8  118.757  -153.214  11
127  1711  0  -47155.8  118.757  -153.214  -46134.4  420.407  -97.3609  11
128  1712  0  -46133.2  414.83  -97.0214  -46539.5  1781.59  -41.8  11
128  1713  0  -46539.5  1781.59  -41.8  -47560.6  1480.26  -97.5585  11
128  1714  0  -47560.6  1480.26  -97.5585  -47154.3  113.496  -152.78  11
128  1715  0  -47154.3  113.496  -152.78  -46133.2  414.83  -97.0214  11
129  1716  0  -46131.8  409.614  -95.7406  -46538.3  1776.24  -41.8  11
129  1717  0  -46538.3  1776.24  -41.8  -47559.2  1474.81  -97.9609  11
129  1718  0  -47559.2  1474.81  -97.9609  -47152.7  108.182  -151.901  11
129  1719  0  -47152.7  108.182  -151.901  -46131.8  409.614  -95.7406  11
130  1720  0  -46130.9  404.431  -92.8579  -46537.5  1770.31  -41.8  11
130  1721  0  -46537.5  1770.31  -41.8  -47557.7  1468.76  -99.1904  11
130  1722  0  -47557.7  1468.76  -99.1904  -47151.1  102.873  -150.248  11
130  1723  0  -47151.1  102.873  -150.248  -46130.9  404.431  -92.8579  11
131  1724  0  -46130.3  399.415  -89.7097  -46537.3  1764.08  -41.8  11
131  1725  0  -46537.3  1764.08  -41.8  -47556.4  1462.18  -100.897  11
131  1726  0  -47556.4  1462.18  -100.897  -47149.4  97.5119  -148.806  11
131  1727  0  -47149.4  97.5119  -148.806  -46130.3  399.415  -89.7097  11
132  1728  0  -46129.8  393.783  -87.4251  -46536.2  1758.08  -41.8  11
132  1729  0  -46536.2  1758.08  -41.8  -47554.9  1456.61  -102.601  11
132  1730  0  -47554.9  1456.61  -102.601  -47148.5  92.3076  -148.226  11
132  1731  0  -47148.5  92.3076  -148.226  -46129.8  393.783  -87.4251  11
133  1732  0  -46128.9  388.254  -86.0027  -46535.4  1752.57  -41.8  11
133  1733  0  -46535.4  1752.57  -41.8  -47554  1451.13  -103.656  11
133  1734  0  -47554  1451.13  -103.656  -47147.5  86.8213  -147.859  11
133  1735  0  -47147.5  86.8213  -147.859  -46128.9  388.254  -86.0027  11
134  1736  0  -46127.6  382.056  -86.2774  -46533.9  1747.39  -41.8  11
134  1737  0  -46533.9  1747.39  -41.8  -47553.3  1446  -103.461  11
134  1738  0  -47553.3  1446  -103.461  -47147  80.672  -147.938  11
134  1739  0  -47147  80.672  -147.938  -46127.6  382.056  -86.2774  11
135  1740  0  -46127.6  375.815  -84.4392  -46532.6  1740.74  -41.8  11
135  1741  0  -46532.6  1740.74  -41.8  -47551.6  1440.3  -103.204  11
135  1742  0  -47551.6  1440.3  -103.204  -47146.6  75.3759  -145.844  11
135  1743  0  -47146.6  75.3759  -145.844  -46127.6  375.815  -84.4392  11
136  1744  0  -46128.5  370.321  -82.5078  -46532.1  1733.3  -41.8  11
136  1745  0  -46532.1  1733.3  -41.8  -47549.6  1433.79  -103.166  11
136  1746  0  -47549.6  1433.79  -103.166  -47146  70.8152  -143.874  11
136  1747  0  -47146  70.8152  -143.874  -46128.5  370.321  -82.5078  11
137  1748  0  -46130.2  366.261  -82.8673  -46533.2  1725.15  -41.8  11
137  1749  0  -46533.2  1725.15  -41.8  -47547.7  1426.12  -103.169  11
137  1750  0  -47547.7  1426.12  -103.169  -47144.6  67.2272  -144.237  11
137  1751  0  -47144.6  67.2272  -144.237  -46130.2  366.261  -82.8673  11
138  1752  0  -46130.4  361.118  -83.7995  -46533.2  1718.87  -41.8  11
138  1753  0  -46533.2  1718.87  -41.8  -47546.9  1420  -102.395  11
138  1754  0  -47546.9  1420  -102.395  -47144.1  62.2467  -144.395  11
138  1755  0  -47144.1  62.2467  -144.395  -46130.4  361.118  -83.7995  11
139  1756  0  -46129.2  354.266  -85.5441  -46531.8  1713.97  -41.8  11
139  1757  0  -46531.8  1713.97  -41.8  -47547  1415.26  -101.428  11
139  1758  0  -47547  1415.26  -101.428  -47144.4  55.5651  -145.172  11
139  1759  0  -47144.4  55.5651  -145.172  -46129.2  354.266  -85.5441  11
140  1760  0  -46129.4  348.219  -86.5986  -46531.3  1707.42  -41.8  11
140  1761  0  -46531.3  1707.42  -41.8  -47546.2  1409.31  -100.656  11
140  1762  0  -47546.2  1409.31  -100.656  -47144.4  50.1121  -145.455  11
140  1763  0  -47144.4  50.1121  -145.455  -46129.4  348.219  -86.5986  11
141  1764  0  -46130.7  343.707  -88.1358  -46532.3  1700.05  -41.8  11
141  1765  0  -46532.3  1700.05  -41.8  -47545.1  1402.19  -100.762  11
141  1766  0  -47545.1  1402.19  -100.762  -47143.6  45.8435  -147.097  11
141  1767  0  -47143.6  45.8435  -147.097  -46130.7  343.707  -88.1358  11
142  1768  0  -46129.7  336.687  -90.013  -46531  1695.19  -41.8  11
142  1769  0  -46531  1695.19  -41.8  -47545.5  1397.54  -100.39  11
142  1770  0  -47545.5  1397.54  -100.39  -47144.2  39.0378  -148.603  11
142  1771  0  -47144.2  39.0378  -148.603  -46129.7  336.687  -90.013  11
143  1772  0  -46127.6  328.391  -91.7553  -46528.8  1691.16  -41.8  11
143  1773  0  -46528.8  1691.16  -41.8  -47546.6  1393.7  -99.7975  11
143  1774  0  -47546.6  1393.7  -99.7975  -47145.5  30.9284  -149.753  11
143  1775  0  -47145.5  30.9284  -149.753  -46127.6  328.391  -91.7553  11
144  1776  0  -46128.2  321.683  -92.4098  -46528.1  1684.51  -41.8  11
144  1777  0  -46528.1  1684.51  -41.8  -47546  1387.93  -99.2651  11
144  1778  0  -47546  1387.93  -99.2651  -47146.1  25.1027  -149.875  11
144  1779  0  -47146.1  25.1027  -149.875  -46128.2  321.683  -92.4098  11
145  1780  0  -46130.6  317.597  -93.19  -46529.5  1676.31  -41.8  11
145  1781  0  -46529.5  1676.31  -41.8  -47544.4  1380.55  -99.1076  11
145  1782  0  -47544.4  1380.55  -99.1076  -47145.5  21.8314  -150.498  11
145  1783  0  -47145.5  21.8314  -150.498  -46130.6  317.597  -93.19  11
146  1784  0  -46132.3  312.644  -93.3342  -46530.1  1668.9  -41.8  11
146  1785  0  -46530.1  1668.9  -41.8  -47543.2  1373.89  -98.1786  11
146  1786  0  -47543.2  1373.89  -98.1786  -47145.4  17.6321  -149.713  11
146  1787  0  -47145.4  17.6321  -149.713  -46132.3  312.644  -93.3342  11
147  1788  0  -46133.7  307.464  -92.408  -46530.8  1661.78  -41.8  11
147  1789  0  -46530.8  1661.78  -41.8  -47542.5  1367.13  -96.5975  11
147  1790  0  -47542.5  1367.13  -96.5975  -47145.3  12.8163  -147.206  11
147  1791  0  -47145.3  12.8163  -147.206  -46133.7  307.464  -92.408  11
148  1792  0  -46135.9  302.637  -89.7505  -46531.8  1653.69  -41.8  11
148  1793  0  -46531.8  1653.69  -41.8  -47541  1359.84  -94.7309  11
148  1794  0  -47541  1359.84  -94.7309  -47145.1  8.78559  -142.681  11
148  1795  0  -47145.1  8.78559  -142.681  -46135.9  302.637  -89.7505  11
149  1796  0  -46136.6  296.658  -87.7629  -46531.5  1647.65  -41.8  11
149  1797  0  -46531.5  1647.65  -41.8  -47540.7  1354.37  -93.3363  11
149  1798  0  -47540.7  1354.37  -93.3363  -47145.7  3.37882  -139.299  11
149  1799  0  -47145.7  3.37882  -139.299  -46136.6  296.658  -87.7629  11
150  1800  0  -46137  291.332  -88.3851  -46532.1  1641.73  -41.8  11
150  1801  0  -46532.1  1641.73  -41.8  -47540.8  1348.36  -92.9412  11
150  1802  0  -47540.8  1348.36  -92.9412  -47145.7  -2.03006  -139.526  11
150  1803  0  -47145.7  -2.03006  -139.526  -46137  291.332  -88.3851  11
151  1804  0  -46137.8  286.33  -88.4317  -46533  1635.27  -41.8  11
151  1805  0  -46533  1635.27  -41.8  -47540.7  1341.75  -91.5928  11
151  1806  0  -47540.7  1341.75  -91.5928  -47145.4  -7.19014  -138.225  11
151  1807  0  -47145.4  -7.19014  -138.225  -46137.8  286.33  -88.4317  11
152  1808  0  -46139.2  281.679  -87.3318  -46534.1  1628.07  -41.8  11
152  1809  0  -46534.1  1628.07  -41.8  -47539.9  1334.71  -89.9883  11
152  1810  0  -47539.9  1334.71  -89.9883  -47145  -11.6836  -135.52  11
152  1811  0  -47145  -11.6836  -135.52  -46139.2  281.679  -87.3318  11
153  1812  0  -46140.1  275.535  -87.0542  -46533.7  1621.62  -41.8  11
153  1813  0  -46533.7  1621.62  -41.8  -47539.3  1329.18  -88.9039  11
153  1814  0  -47539.3  1329.18  -88.9039  -47145.7  -16.909  -134.158  11
153  1815  0  -47145.7  -16.909  -134.158  -46140.1  275.535  -87.0542  11
154  1816  0  -46140.7  269.358  -87.2571  -46533.5  1615.44  -41.8  11
154  1817  0  -46533.5  1615.44  -41.8  -47539.1  1323.53  -88.6736  11
154  1818  0  -47539.1  1323.53  -88.6736  -47146.3  -22.5544  -134.131  11
154  1819  0  -47146.3  -22.5544  -134.131  -46140.7  269.358  -87.2571  11
155  1820  0  -46141.6  263.679  -88.6154  -46533.7  1608.65  -41.8  11
155  1821  0  -46533.7  1608.65  -41.8  -47538.5  1317.32  -89.3246  11
155  1822  0  -47538.5  1317.32  -89.3246  -47146.4  -27.6494  -136.14  11
155  1823  0  -47146.4  -27.6494  -136.14  -46141.6  263.679  -88.6154  11
156  1824  0  -46140.1  256.139  -89.6085  -46532.6  1603.99  -41.8  11
156  1825  0  -46532.6  1603.99  -41.8  -47539.5  1312.48  -89.9269  11
156  1826  0  -47539.5  1312.48  -89.9269  -47147  -35.3727  -137.735  11
156  1827  0  -47147  -35.3727  -137.735  -46140.1  256.139  -89.6085  11
157  1828  0  -46140.3  250.469  -88.2976  -46532.8  1597.83  -41.8  11
157  1829  0  -46532.8  1597.83  -41.8  -47539.4  1306.24  -88.7759  11
157  1830  0  -47539.4  1306.24  -88.7759  -47146.9  -41.1252  -135.273  11
157  1831  0  -47146.9  -41.1252  -135.273  -46140.3  250.469  -88.2976  11
158  1832  0  -46141.4  245.014  -86.3093  -46532.8  1591.4  -41.8  11
158  1833  0  -46532.8  1591.4  -41.8  -47538.7  1300.43  -87.452  11
158  1834  0  -47538.7  1300.43  -87.452  -47147.2  -45.9469  -131.961  11
158  1835  0  -47147.2  -45.9469  -131.961  -46141.4  245.014  -86.3093  11
159  1836  0  -46143.1  241.017  -86.5059  -46534.1  1584.11  -41.8  11
159  1837  0  -46534.1  1584.11  -41.8  -47537.5  1293.47  -87.0091  11
159  1838  0  -47537.5  1293.47  -87.0091  -47146.5  -49.6233  -131.715  11
159  1839  0  -47146.5  -49.6233  -131.715  -46143.1  241.017  -86.5059  11
160  1840  0  -46143.1  235.671  -88.4012  -46534.6  1577.96  -41.8  11
160  1841  0  -46534.6  1577.96  -41.8  -47537.4  1287.05  -86.0851  11
160  1842  0  -47537.4  1287.05  -86.0851  -47146  -55.241  -132.686  11
160  1843  0  -47146  -55.241  -132.686  -46143.1  235.671  -88.4012  11
161  1844  0  -46142.7  228.453  -90.7266  -46533.1  1572.25  -41.8  11
161  1845  0  -46533.1  1572.25  -41.8  -47537.2  1282.11  -84.7157  11
161  1846  0  -47537.2  1282.11  -84.7157  -47146.9  -61.6853  -133.642  11
161  1847  0  -47146.9  -61.6853  -133.642  -46142.7  228.453  -90.7266  11
162  1848  0  -46143.4  222.828  -91.2681  -46532.8  1565.9  -41.8  11
162  1849  0  -46532.8  1565.9  -41.8  -47536.5  1276.41  -83.0184  11
162  1850  0  -47536.5  1276.41  -83.0184  -47147  -66.6564  -132.486  11
162  1851  0  -47147  -66.6564  -132.486  -46143.4  222.828  -91.2681  11
163  1852  0  -46143.7  217.483  -90.0765  -46532.9  1559.65  -41.8  11
163  1853  0  -46532.9  1559.65  -41.8  -47535.9  1270.26  -81.6993  11
163  1854  0  -47535.9  1270.26  -81.6993  -47146.7  -71.9133  -129.976  11
163  1855  0  -47146.7  -71.9133  -129.976  -46143.7  217.483  -90.0765  11
164  1856  0  -46144.3  212.727  -90.9824  -46533.5  1552.97  -41.8  11
164  1857  0  -46533.5  1552.97  -41.8  -47535.1  1263.54  -81.3066  11
164  1858  0  -47535.1  1263.54  -81.3066  -47145.9  -76.7068  -130.489  11
164  1859  0  -47145.9  -76.7068  -130.489  -46144.3  212.727  -90.9824  11
165  1860  0  -46143.1  205.815  -93.1232  -46532.3  1548.06  -41.8  11
165  1861  0  -46532.3  1548.06  -41.8  -47535.5  1258.63  -80.3124  11
165  1862  0  -47535.5  1258.63  -80.3124  -47146.3  -83.6112  -131.636  11
165  1863  0  -47146.3  -83.6112  -131.636  -46143.1  205.815  -93.1232  11
166  1864  0  -46143.1  199.72  -94.4282  -46531.5  1542.12  -41.8  11
166  1865  0  -46531.5  1542.12  -41.8  -47534.9  1253.27  -78.8632  11
166  1866  0  -47534.9  1253.27  -78.8632  -47146.5  -89.1297  -131.491  11
166  1867  0  -47146.5  -89.1297  -131.491  -46143.1  199.72  -94.4282  11
167  1868  0  -46143  193.713  -95.3291  -46530.8  1536.09  -41.8  11
167  1869  0  -46530.8  1536.09  -41.8  -47534.2  1247.63  -77.2007  11
167  1870  0  -47534.2  1247.63  -77.2007  -47146.4  -94.7409  -130.73  11
167  1871  0  -47146.4  -94.7409  -130.73  -46143  193.713  -95.3291  11
168  1872  0  -46143.7  188.154  -94.826  -46530.2  1529.13  -41.8  11
168  1873  0  -46530.2  1529.13  -41.8  -47532.6  1241.54  -75.3635  11
168  1874  0  -47532.6  1241.54  -75.3635  -47146.1  -99.4324  -128.389  11
168  1875  0  -47146.1  -99.4324  -128.389  -46143.7  188.154  -94.826  11
169  1876  0  -46143.8  183.039  -95.5296  -46530  1522.93  -41.8  11
169  1877  0  -46530  1522.93  -41.8  -47531.6  1235.54  -73.8771  11
169  1878  0  -47531.6  1235.54  -73.8771  -47145.5  -104.351  -127.607  11
169  1879  0  -47145.5  -104.351  -127.607  -46143.8  183.039  -95.5296  11
170  1880  0  -46144.2  178.139  -96.3188  -46530  1516.54  -41.8  11
170  1881  0  -46530  1516.54  -41.8  -47530.6  1229.32  -72.3931  11
170  1882  0  -47530.6  1229.32  -72.3931  -47144.8  -109.077  -126.912  11
170  1883  0  -47144.8  -109.077  -126.912  -46144.2  178.139  -96.3188  11
171  1884  0  -46144.1  173.059  -96.9501  -46529.9  1510.67  -41.8  11
171  1885  0  -46529.9  1510.67  -41.8  -47529.9  1223.46  -71.1846  11
171  1886  0  -47529.9  1223.46  -71.1846  -47144.1  -114.154  -126.335  11
171  1887  0  -47144.1  -114.154  -126.335  -46144.1  173.059  -96.9501  11
172  1888  0  -46144.7  168.25  -96.0209  -46529.9  1503.94  -41.8  11
172  1889  0  -46529.9  1503.94  -41.8  -47528.5  1217.15  -70.1419  11
172  1890  0  -47528.5  1217.15  -70.1419  -47143.3  -118.541  -124.363  11
172  1891  0  -47143.3  -118.541  -124.363  -46144.7  168.25  -96.0209  11
173  1892  0  -46145.7  163.76  -95.8148  -46530  1496.8  -41.8  11
173  1893  0  -46530  1496.8  -41.8  -47526.6  1210.54  -68.7393  11
173  1894  0  -47526.6  1210.54  -68.7393  -47142.3  -122.494  -122.754  11
173  1895  0  -47142.3  -122.494  -122.754  -46145.7  163.76  -95.8148  11
174  1896  0  -46144.3  156.955  -95.0108  -46528.3  1491.72  -41.8  11
174  1897  0  -46528.3  1491.72  -41.8  -47526.2  1205.69  -67.9905  11
174  1898  0  -47526.2  1205.69  -67.9905  -47142.2  -129.072  -121.201  11
174  1899  0  -47142.2  -129.072  -121.201  -46144.3  156.955  -95.0108  11
175  1900  0  -46143.9  151.083  -93.9493  -46527.2  1485.92  -41.8  11
175  1901  0  -46527.2  1485.92  -41.8  -47525.2  1200.35  -67.5892  11
175  1902  0  -47525.2  1200.35  -67.5892  -47141.8  -134.495  -119.738  11
175  1903  0  -47141.8  -134.495  -119.738  -46143.9  151.083  -93.9493  11
176  1904  0  -46143.8  146.141  -95.0379  -46527  1479.75  -41.8  11
176  1905  0  -46527  1479.75  -41.8  -47524  1194.33  -67.8543  11
176  1906  0  -47524  1194.33  -67.8543  -47140.9  -139.278  -121.092  11
176  1907  0  -47140.9  -139.278  -121.092  -46143.8  146.141  -95.0379  11
177  1908  0  -46144.3  142.345  -96.0976  -46527.5  1473.16  -41.8  11
177  1909  0  -46527.5  1473.16  -41.8  -47522.4  1187.79  -67.9006  11
177  1910  0  -47522.4  1187.79  -67.9006  -47139.3  -143.03  -122.198  11
177  1911  0  -47139.3  -143.03  -122.198  -46144.3  142.345  -96.0976  11
178  1912  0  -46143.1  136.005  -96.8782  -46526.1  1468.03  -41.8  11
178  1913  0  -46526.1  1468.03  -41.8  -47522  1182.75  -66.9819  11
178  1914  0  -47522  1182.75  -66.9819  -47139  -149.278  -122.06  11
178  1915  0  -47139  -149.278  -122.06  -46143.1  136.005  -96.8782  11
179  1916  0  -46141.5  128.515  -96.1213  -46523.9  1463.09  -41.8  11
179  1917  0  -46523.9  1463.09  -41.8  -47521.7  1178.15  -65.8927  11
179  1918  0  -47521.7  1178.15  -65.8927  -47139.3  -156.418  -120.214  11
179  1919  0  -47139.3  -156.418  -120.214  -46141.5  128.515  -96.1213  11
180  1920  0  -46141  122.885  -96.2653  -46523  1457.04  -41.8  11
180  1921  0  -46523  1457.04  -41.8  -47520.5  1172.47  -66.178  11
180  1922  0  -47520.5  1172.47  -66.178  -47138.6  -161.683  -120.643  11
180  1923  0  -47138.6  -161.683  -120.643  -46141  122.885  -96.2653  11
181  1924  0  -46142  119.133  -96.9898  -46523.5  1449.4  -41.8  11
181  1925  0  -46523.5  1449.4  -41.8  -47518.1  1165.14  -66.3908  11
181  1926  0  -47518.1  1165.14  -66.3908  -47136.6  -165.127  -121.581  11
181  1927  0  -47136.6  -165.127  -121.581  -46142  119.133  -96.9898  11
182  1928  0  -46142  114.398  -98.0745  -46523.1  1442.95  -41.8  11
182  1929  0  -46523.1  1442.95  -41.8  -47516.5  1158.97  -65.3204  11
182  1930  0  -47516.5  1158.97  -65.3204  -47135.4  -169.589  -121.595  11
182  1931  0  -47135.4  -169.589  -121.595  -46142  114.398  -98.0745  11
183  1932  0  -46142.1  109.825  -96.8438  -46522.7  1437.35  -41.8  11
183  1933  0  -46522.7  1437.35  -41.8  -47515.3  1153.75  -64.4721  11
183  1934  0  -47515.3  1153.75  -64.4721  -47134.7  -173.769  -119.516  11
183  1935  0  -47134.7  -173.769  -119.516  -46142.1  109.825  -96.8438  11
184  1936  0  -46141.9  104.695  -94.2756  -46522  1431.39  -41.8  11
184  1937  0  -46522  1431.39  -41.8  -47513.9  1148.15  -65.3786  11
184  1938  0  -47513.9  1148.15  -65.3786  -47133.8  -178.541  -117.854  11
184  1939  0  -47133.8  -178.541  -117.854  -46141.9  104.695  -94.2756  11
185  1940  0  -46140.6  98.5079  -92.4128  -46520.7  1425.87  -41.8  11
185  1941  0  -46520.7  1425.87  -41.8  -47513  1142.65  -66.6457  11
185  1942  0  -47513  1142.65  -66.6457  -47132.9  -184.71  -117.259  11
185  1943  0  -47132.9  -184.71  -117.259  -46140.6  98.5079  -92.4128  11
186  1944  0  -46140.3  93.3414  -90.7857  -46520  1419.85  -41.8  11
186  1945  0  -46520  1419.85  -41.8  -47511.6  1136.92  -66.8202  11
186  1946  0  -47511.6  1136.92  -66.8202  -47131.9  -189.59  -115.806  11
186  1947  0  -47131.9  -189.59  -115.806  -46140.3  93.3414  -90.7857  11
187  1948  0  -46140.2  88.7117  -90.7429  -46519.5  1413.66  -41.8  11
187  1949  0  -46519.5  1413.66  -41.8  -47510  1131.04  -66.9842  11
187  1950  0  -47510  1131.04  -66.9842  -47130.7  -193.902  -115.927  11
187  1951  0  -47130.7  -193.902  -115.927  -46140.2  88.7117  -90.7429  11
188  1952  0  -46140.2  84.0208  -89.4578  -46519.2  1407.37  -41.8  11
188  1953  0  -46519.2  1407.37  -41.8  -47508.4  1124.93  -66.5313  11
188  1954  0  -47508.4  1124.93  -66.5313  -47129.4  -198.421  -114.189  11
188  1955  0  -47129.4  -198.421  -114.189  -46140.2  84.0208  -89.4578  11
189  1956  0  -46139.8  78.9258  -87.8502  -46518.6  1401.25  -41.8  11
189  1957  0  -46518.6  1401.25  -41.8  -47507  1118.94  -65.2546  11
189  1958  0  -47507  1118.94  -65.2546  -47128.3  -203.383  -111.305  11
189  1959  0  -47128.3  -203.383  -111.305  -46139.8  78.9258  -87.8502  11
190  1960  0  -46138  71.9384  -86.6344  -46516.7  1396.34  -41.8  11
190  1961  0  -46516.7  1396.34  -41.8  -47506.6  1114.08  -64.779  11
190  1962  0  -47506.6  1114.08  -64.779  -47128  -210.325  -109.613  11
190  1963  0  -47128  -210.325  -109.613  -46138  71.9384  -86.6344  11
191  1964  0  -46138  67.0047  -85.0281  -46516  1390.22  -41.8  11
191  1965  0  -46516  1390.22  -41.8  -47505.1  1108.4  -64.6509  11
191  1966  0  -47505.1  1108.4  -64.6509  -47127  -214.816  -107.879  11
191  1967  0  -47127  -214.816  -107.879  -46138  67.0047  -85.0281  11
192  1968  0  -46138.4  62.7589  -85.0122  -46515.9  1383.63  -41.8  11
192  1969  0  -46515.9  1383.63  -41.8  -47503.1  1102.25  -64.9608  11
192  1970  0  -47503.1  1102.25  -64.9608  -47125.7  -218.619  -108.173  11
192  1971  0  -47125.7  -218.619  -108.173  -46138.4  62.7589  -85.0122  11
193  1972  0  -46138.2  57.917  -84.8647  -46515.5  1377.41  -41.8  11
193  1973  0  -46515.5  1377.41  -41.8  -47501.7  1096.14  -64.9351  11
193  1974  0  -47501.7  1096.14  -64.9351  -47124.4  -223.347  -108  11
193  1975  0  -47124.4  -223.347  -108  -46138.2  57.917  -84.8647  11
194  1976  0  -46137.6  53.0685  -86.0471  -46515  1371.59  -41.8  11
194  1977  0  -46515  1371.59  -41.8  -47500.5  1090.31  -65.5674  11
194  1978  0  -47500.5  1090.31  -65.5674  -47123.1  -228.204  -109.814  11
194  1979  0  -47123.1  -228.204  -109.814  -46137.6  53.0685  -86.0471  11
195  1980  0  -46136.2  46.9609  -87.0396  -46513.6  1366.52  -41.8  11
195  1981  0  -46513.6  1366.52  -41.8  -47500  1085.23  -66.3047  11
195  1982  0  -47500  1085.23  -66.3047  -47122.5  -234.327  -111.544  11
195  1983  0  -47122.5  -234.327  -111.544  -46136.2  46.9609  -87.0396  11
196  1984  0  -46135.7  41.5607  -86.5359  -46512.8  1360.67  -41.8  11
196  1985  0  -46512.8  1360.67  -41.8  -47498.7  1079.63  -66.4945  11
196  1986  0  -47498.7  1079.63  -66.4945  -47121.6  -239.477  -111.23  11
196  1987  0  -47121.6  -239.477  -111.23  -46135.7  41.5607  -86.5359  11
197  1988  0  -46135.6  36.4216  -87.1498  -46512  1354.52  -41.8  11
197  1989  0  -46512  1354.52  -41.8  -47497.2  1074.02  -66.8754  11
197  1990  0  -47497.2  1074.02  -66.8754  -47120.8  -244.074  -112.225  11
197  1991  0  -47120.8  -244.074  -112.225  -46135.6  36.4216  -87.1498  11
198  1992  0  -46135.3  31.734  -87.2423  -46511.7  1348.57  -41.8  11
198  1993  0  -46511.7  1348.57  -41.8  -47496  1068.12  -66.42  11
198  1994  0  -47496  1068.12  -66.42  -47119.6  -248.719  -111.862  11
198  1995  0  -47119.6  -248.719  -111.862  -46135.3  31.734  -87.2423  11
199  1996  0  -46134.9  26.6892  -88.9363  -46511  1342.52  -41.8  11
199  1997  0  -46511  1342.52  -41.8  -47494.6  1062.23  -65.7089  11
199  1998  0  -47494.6  1062.23  -65.7089  -47118.5  -253.605  -112.845  11
199  1999  0  -47118.5  -253.605  -112.845  -46134.9  26.6892  -88.9363  11
200  2000  0  -46133.9  20.2821  -90.4271  -46509.6  1337.05  -41.8  11
200  2001  0  -46509.6  1337.05  -41.8  -47494  1057.04  -65.7614  11
200  2002  0  -47494  1057.04  -65.7614  -47118.2  -259.729  -114.389  11
200  2003  0  -47118.2  -259.729  -114.389  -46133.9  20.2821  -90.4271  11
201  2004  0  -46133.6  15.4253  -89.1177  -46509.2  1331.07  -41.8  11
201  2005  0  -46509.2  1331.07  -41.8  -47492.7  1051.13  -65.6973  11
201  2006  0  -47492.7  1051.13  -65.6973  -47117  -264.518  -113.015  11
201  2007  0  -47117  -264.518  -113.015  -46133.6  15.4253  -89.1177  11
202  2008  0  -46133.4  9.94657  -87.8384  -46508.4  1324.84  -41.8  11
202  2009  0  -46508.4  1324.84  -41.8  -47491.3  1045.32  -65.8422  11
202  2010  0  -47491.3  1045.32  -65.8422  -47116.2  -269.57  -111.881  11
202  2011  0  -47116.2  -269.57  -111.881  -46133.4  9.94657  -87.8384  11
203  2012  0  -46132.5  4.02371  -88.0523  -46507.4  1319.29  -41.8  11
203  2013  0  -46507.4  1319.29  -41.8  -47490.5  1039.91  -66.2087  11
203  2014  0  -47490.5  1039.91  -66.2087  -47115.6  -275.35  -112.461  11
203  2015  0  -47115.6  -275.35  -112.461  -46132.5  4.02371  -88.0523  11
204  2016  0  -46132.5  -0.108859  -86.4379  -46507.4  1313.15  -41.8  11
204  2017  0  -46507.4  1313.15  -41.8  -47489  1033.81  -66.2743  11
204  2018  0  -47489  1033.81  -66.2743  -47114.1  -279.45  -110.912  11
204  2019  0  -47114.1  -279.45  -110.912  -46132.5  -0.108859  -86.4379  11
205  2020  0  -46132.6  -4.50237  -83.9455  -46507.3  1306.8  -41.8  11
205  2021  0  -46507.3  1306.8  -41.8  -47487.4  1027.57  -66.0463  11
205  2022  0  -47487.4  1027.57  -66.0463  -47112.7  -283.728  -108.192  11
205  2023  0  -47112.7  -283.728  -108.192  -46132.6  -4.50237  -83.9455  11
206  2024  0  -46132.9  -8.85182  -81.4196  -46507.2  1300.34  -41.8  11
206  2025  0  -46507.2  1300.34  -41.8  -47485.6  1021.36  -65.6095  11
206  2026  0  -47485.6  1021.36  -65.6095  -47111.4  -287.83  -105.229  11
206  2027  0  -47111.4  -287.83  -105.229  -46132.9  -8.85182  -81.4196  11
207  2028  0  -46133.1  -13.3895  -79.7635  -46506.9  1294.18  -41.8  11
207  2029  0  -46506.9  1294.18  -41.8  -47484.1  1015.46  -65.2362  11
207  2030  0  -47484.1  1015.46  -65.2362  -47110.2  -292.105  -103.2  11
207  2031  0  -47110.2  -292.105  -103.2  -46133.1  -13.3895  -79.7635  11
208  2032  0  -46132.4  -19.3479  -80.3911  -46505.8  1288.36  -41.8  11
208  2033  0  -46505.8  1288.36  -41.8  -47483.2  1009.95  -65.0119  11
208  2034  0  -47483.2  1009.95  -65.0119  -47109.7  -297.752  -103.603  11
208  2035  0  -47109.7  -297.752  -103.603  -46132.4  -19.3479  -80.3911  11
209  2036  0  -46131.8  -25.1744  -80.5614  -46505  1282.29  -41.8  11
209  2037  0  -46505  1282.29  -41.8  -47482.1  1004.05  -64.2983  11
209  2038  0  -47482.1  1004.05  -64.2983  -47108.9  -303.413  -103.06  11
209  2039  0  -47108.9  -303.413  -103.06  -46131.8  -25.1744  -80.5614  11
210  2040  0  -46131.3  -30.7669  -82.2437  -46504.2  1276.43  -41.8  11
210  2041  0  -46504.2  1276.43  -41.8  -47481.2  998.438  -64.4862  11
210  2042  0  -47481.2  998.438  -64.4862  -47108.3  -308.761  -104.93  11
210  2043  0  -47108.3  -308.761  -104.93  -46131.3  -30.7669  -82.2437  11
211  2044  0  -46131.5  -34.3694  -83.83  -46504.5  1270.48  -41.8  11
211  2045  0  -46504.5  1270.48  -41.8  -47479.7  992.431  -64.544  11
211  2046  0  -47479.7  992.431  -64.544  -47106.8  -312.42  -106.574  11
211  2047  0  -47106.8  -312.42  -106.574  -46131.5  -34.3694  -83.83  11
212  2048  0  -46131.8  -38.5039  -82.9162  -46504.5  1263.97  -41.8  11
212  2049  0  -46504.5  1263.97  -41.8  -47478  986.067  -63.051  11
212  2050  0  -47478  986.067  -63.051  -47105.3  -316.411  -104.167  11
212  2051  0  -47105.3  -316.411  -104.167  -46131.8  -38.5039  -82.9162  11
213  2052  0  -46131.9  -44.2317  -81.861  -46503.7  1257.25  -41.8  11
213  2053  0  -46503.7  1257.25  -41.8  -47476.4  980.021  -61.3926  11
213  2054  0  -47476.4  980.021  -61.3926  -47104.7  -321.465  -101.454  11
213  2055  0  -47104.7  -321.465  -101.454  -46131.9  -44.2317  -81.861  11
214  2056  0  -46131.1  -50.717  -82.1092  -46502.4  1251.47  -41.8  11
214  2057  0  -46502.4  1251.47  -41.8  -47475.6  974.62  -61.2472  11
214  2058  0  -47475.6  974.62  -61.2472  -47104.4  -327.571  -101.556  11
214  2059  0  -47104.4  -327.571  -101.556  -46131.1  -50.717  -82.1092  11
215  2060  0  -46130.9  -55.8458  -81.6452  -46501.8  1245.66  -41.8  11
215  2061  0  -46501.8  1245.66  -41.8  -47474.6  969.031  -61.4533  11
215  2062  0  -47474.6  969.031  -61.4533  -47103.6  -332.477  -101.298  11
215  2063  0  -47103.6  -332.477  -101.298  -46130.9  -55.8458  -81.6452  11
216  2064  0  -46130.3  -61.4433  -82.2808  -46501  1239.84  -41.8  11
216  2065  0  -46501  1239.84  -41.8  -47473.6  963.36  -61.3347  11
216  2066  0  -47473.6  963.36  -61.3347  -47102.9  -337.919  -101.815  11
216  2067  0  -47102.9  -337.919  -101.815  -46130.3  -61.4433  -82.2808  11
217  2068  0  -46130.3  -66.0298  -81.3392  -46500.8  1233.39  -41.8  11
217  2069  0  -46500.8  1233.39  -41.8  -47472  957.008  -59.944  11
217  2070  0  -47472  957.008  -59.944  -47101.5  -342.412  -99.4832  11
217  2071  0  -47101.5  -342.412  -99.4832  -46130.3  -66.0298  -81.3392  11
218  2072  0  -46130.5  -70.9213  -80.4813  -46500.4  1226.82  -41.8  11
218  2073  0  -46500.4  1226.82  -41.8  -47470.4  950.828  -58.6316  11
218  2074  0  -47470.4  950.828  -58.6316  -47100.4  -346.917  -97.3129  11
218  2075  0  -47100.4  -346.917  -97.3129  -46130.5  -70.9213  -80.4813  11
219  2076  0  -46129.9  -76.4687  -82.1769  -46499.6  1221.09  -41.8  11
219  2077  0  -46499.6  1221.09  -41.8  -47469.4  945.301  -58.7666  11
219  2078  0  -47469.4  945.301  -58.7666  -47099.7  -352.258  -99.1435  11
219  2079  0  -47099.7  -352.258  -99.1435  -46129.9  -76.4687  -82.1769  11
220  2080  0  -46129.5  -81.7504  -84.8107  -46498.7  1215.31  -41.8  11
220  2081  0  -46498.7  1215.31  -41.8  -47468.3  939.938  -59.3014  11
220  2082  0  -47468.3  939.938  -59.3014  -47099.1  -357.12  -102.312  11
220  2083  0  -47099.1  -357.12  -102.312  -46129.5  -81.7504  -84.8107  11
221  2084  0  -46128.9  -87.5389  -87.4871  -46497.8  1209.38  -41.8  11
221  2085  0  -46497.8  1209.38  -41.8  -47467.3  934.254  -59.4078  11
221  2086  0  -47467.3  934.254  -59.4078  -47098.4  -362.668  -105.095  11
221  2087  0  -47098.4  -362.668  -105.095  -46128.9  -87.5389  -87.4871  11
222  2088  0  -46128.4  -92.9215  -89.7654  -46497.1  1203.26  -41.8  11
222  2089  0  -46497.1  1203.26  -41.8  -47466.1  928.268  -59.146  11
222  2090  0  -47466.1  928.268  -59.146  -47097.4  -367.909  -107.111  11
222  2091  0  -47097.4  -367.909  -107.111  -46128.4  -92.9215  -89.7654  11
223  2092  0  -46127.6  -98.8141  -91.8666  -46495.9  1197.54  -41.8  11
223  2093  0  -46495.9  1197.54  -41.8  -47465.1  922.896  -59.5995  11
223  2094  0  -47465.1  922.896  -59.5995  -47096.8  -373.458  -109.666  11
223  2095  0  -47096.8  -373.458  -109.666  -46127.6  -98.8141  -91.8666  11
224  2096  0  -46127.5  -103.961  -94.0318  -46494.8  1191.62  -41.8  11
224  2097  0  -46494.8  1191.62  -41.8  -47463.5  917.719  -60.3874  11
224  2098  0  -47463.5  917.719  -60.3874  -47096.2  -377.858  -112.619  11
224  2099  0  -47096.2  -377.858  -112.619  -46127.5  -103.961  -94.0318  11
225  2100  0  -46127.6  -108.628  -96.6064  -46494.3  1185.31  -41.8  11
225  2101  0  -46494.3  1185.31  -41.8  -47461.8  911.935  -61.0812  11
225  2102  0  -47461.8  911.935  -61.0812  -47095.2  -382.001  -115.888  11
225  2103  0  -47095.2  -382.001  -115.888  -46127.6  -108.628  -96.6064  11
226  2104  0  -46127.1  -113.989  -99.3414  -46493.5  1179.25  -41.8  11
226  2105  0  -46493.5  1179.25  -41.8  -47460.6  906.194  -61.8026  11
226  2106  0  -47460.6  906.194  -61.8026  -47094.3  -387.046  -119.344  11
226  2107  0  -47094.3  -387.046  -119.344  -46127.1  -113.989  -99.3414  11
227  2108  0  -46125.9  -120.575  -102.111  -46491.8  1173.98  -41.8  11
227  2109  0  -46491.8  1173.98  -41.8  -47460  901.316  -62.5228  11
227  2110  0  -47460  901.316  -62.5228  -47094.1  -393.238  -122.834  11
227  2111  0  -47094.1  -393.238  -122.834  -46125.9  -120.575  -102.111  11
228  2112  0  -46125.5  -125.128  -104.844  -46491.2  1168.01  -41.8  11
228  2113  0  -46491.2  1168.01  -41.8  -47458.5  895.489  -63.0426  11
228  2114  0  -47458.5  895.489  -63.0426  -47092.7  -397.653  -126.087  11
228  2115  0  -47092.7  -397.653  -126.087  -46125.5  -125.128  -104.844  11
229  2116  0  -46125.3  -129.284  -107.699  -46490.8  1161.91  -41.8  11
229  2117  0  -46490.8  1161.91  -41.8  -47456.7  889.55  -63.348  11
229  2118  0  -47456.7  889.55  -63.348  -47091.1  -401.648  -129.247  11
229  2119  0  -47091.1  -401.648  -129.247  -46125.3  -129.284  -107.699  11
230  2120  0  -46125.4  -133.729  -110.495  -46490.2  1155.74  -41.8  11
230  2121  0  -46490.2  1155.74  -41.8  -47454.9  883.994  -63.7244  11
230  2122  0  -47454.9  883.994  -63.7244  -47090.1  -405.476  -132.42  11
230  2123  0  -47090.1  -405.476  -132.42  -46125.4  -133.729  -110.495  11
231  2124  0  -46124.4  -139.423  -112.757  -46488.8  1150.13  -41.8  11
231  2125  0  -46488.8  1150.13  -41.8  -47453.6  878.776  -64.4936  11
231  2126  0  -47453.6  878.776  -64.4936  -47089.3  -410.776  -135.451  11
231  2127  0  -47089.3  -410.776  -135.451  -46124.4  -139.423  -112.757  11
232  2128  0  -46122.5  -146.251  -114.057  -46486.7  1145.29  -41.8  11
232  2129  0  -46486.7  1145.29  -41.8  -47453.1  874.098  -65.7568  11
232  2130  0  -47453.1  874.098  -65.7568  -47088.9  -417.44  -138.014  11
232  2131  0  -47088.9  -417.44  -138.014  -46122.5  -146.251  -114.057  11
233  2132  0  -46121.9  -151.588  -116.038  -46485.6  1139.41  -41.8  11
233  2133  0  -46485.6  1139.41  -41.8  -47451.7  868.631  -66.5034  11
233  2134  0  -47451.7  868.631  -66.5034  -47087.9  -422.363  -140.742  11
233  2135  0  -47087.9  -422.363  -140.742  -46121.9  -151.588  -116.038  11
234  2136  0  -46122.4  -155.126  -118.139  -46485.5  1132.68  -41.8  11
234  2137  0  -46485.5  1132.68  -41.8  -47449.3  862.441  -66.7067  11
234  2138  0  -47449.3  862.441  -66.7067  -47086.2  -425.36  -143.046  11
234  2139  0  -47086.2  -425.36  -143.046  -46122.4  -155.126  -118.139  11
235  2140  0  -46122.1  -159.849  -120.214  -46484.4  1127  -41.8  11
235  2141  0  -46484.4  1127  -41.8  -47447.6  857.348  -67.0498  11
235  2142  0  -47447.6  857.348  -67.0498  -47085.2  -429.504  -145.464  11
235  2143  0  -47085.2  -429.504  -145.464  -46122.1  -159.849  -120.214  11
236  2144  0  -46119.2  -167.871  -121.301  -46481.4  1122.79  -41.8  11
236  2145  0  -46481.4  1122.79  -41.8  -47447.4  853.284  -67.6037  11
236  2146  0  -47447.4  853.284  -67.6037  -47085.3  -437.378  -147.105  11
236  2147  0  -47085.3  -437.378  -147.105  -46119.2  -167.871  -121.301  11
237  2148  0  -46116.9  -175.569  -122.381  -46478.9  1117.73  -41.8  11
237  2149  0  -46478.9  1117.73  -41.8  -47446.9  848.393  -67.0665  11
237  2150  0  -47446.9  848.393  -67.0665  -47085  -444.911  -147.648  11
237  2151  0  -47085  -444.911  -147.648  -46116.9  -175.569  -122.381  11
238  2152  0  -46116.4  -180.894  -124.019  -46477.7  1111.64  -41.8  11
238  2153  0  -46477.7  1111.64  -41.8  -47445.3  842.79  -66.4265  11
238  2154  0  -47445.3  842.79  -66.4265  -47084  -449.742  -148.646  11
238  2155  0  -47084  -449.742  -148.646  -46116.4  -180.894  -124.019  11
239  2156  0  -46115.6  -185.292  -125.242  -46476.9  1106.25  -41.8  11
239  2157  0  -46476.9  1106.25  -41.8  -47443.8  837.293  -65.1221  11
239  2158  0  -47443.8  837.293  -65.1221  -47082.6  -454.254  -148.564  11
239  2159  0  -47082.6  -454.254  -148.564  -46115.6  -185.292  -125.242  11
240  2160  0  -46116.1  -188.372  -126.505  -46476.8  1099.92  -41.8  11
240  2161  0  -46476.8  1099.92  -41.8  -47441.4  831.329  -63.9427  11
240  2162  0  -47441.4  831.329  -63.9427  -47080.7  -456.959  -148.648  11
240  2163  0  -47080.7  -456.959  -148.648  -46116.1  -188.372  -126.505  11
241  2164  0  -46116.2  -192.602  -128.192  -46476  1093.67  -41.8  11
241  2165  0  -46476  1093.67  -41.8  -47439.2  825.739  -64.2646  11
241  2166  0  -47439.2  825.739  -64.2646  -47079.3  -460.53  -150.657  11
241  2167  0  -47079.3  -460.53  -150.657  -46116.2  -192.602  -128.192  11
242  2168  0  -46115  -198.392  -129.104  -46474.2  1088.33  -41.8  11
242  2169  0  -46474.2  1088.33  -41.8  -47437.7  820.909  -65.1267  11
242  2170  0  -47437.7  820.909  -65.1267  -47078.5  -465.809  -152.43  11
242  2171  0  -47078.5  -465.809  -152.43  -46115  -198.392  -129.104  11
243  2172  0  -46114.8  -204.149  -130.305  -46472.5  1082.14  -41.8  11
243  2173  0  -46472.5  1082.14  -41.8  -47435.8  815.836  -64.7509  11
243  2174  0  -47435.8  815.836  -64.7509  -47078.1  -470.454  -153.256  11
243  2175  0  -47078.1  -470.454  -153.256  -46114.8  -204.149  -130.305  11
244  2176  0  -46114.4  -207.391  -132.414  -46472.1  1076.36  -41.8  11
244  2177  0  -46472.1  1076.36  -41.8  -47433.6  810.015  -64.4077  11
244  2178  0  -47433.6  810.015  -64.4077  -47075.9  -473.733  -155.022  11
244  2179  0  -47075.9  -473.733  -155.022  -46114.4  -207.391  -132.414  11
245  2180  0  -46111.1  -212.942  -135.061  -46470.4  1072.47  -41.8  11
245  2181  0  -46470.4  1072.47  -41.8  -47433.2  804.901  -63.4692  11
245  2182  0  -47433.2  804.901  -63.4692  -47073.9  -480.513  -156.73  11
245  2183  0  -47073.9  -480.513  -156.73  -46111.1  -212.942  -135.061  11
246  2184  0  -46110  -219.394  -136.791  -46468.2  1066.89  -41.8  11
246  2185  0  -46468.2  1066.89  -41.8  -47431.8  800.045  -61.802  11
246  2186  0  -47431.8  800.045  -61.802  -47073.6  -486.244  -156.793  11
246  2187  0  -47073.6  -486.244  -156.793  -46110  -219.394  -136.791  11
247  2188  0  -46109.9  -224.083  -138.015  -46467  1060.71  -41.8  11
247  2189  0  -46467  1060.71  -41.8  -47429.6  794.521  -59.7776  11
247  2190  0  -47429.6  794.521  -59.7776  -47072.5  -490.271  -155.992  11
247  2191  0  -47072.5  -490.271  -155.992  -46109.9  -224.083  -138.015  11
248  2192  0  -46108.8  -229.731  -139.055  -46465.3  1055.08  -41.8  11
248  2193  0  -46465.3  1055.08  -41.8  -47427.9  789.166  -57.7389  11
248  2194  0  -47427.9  789.166  -57.7389  -47071.4  -495.648  -154.994  11
248  2195  0  -47071.4  -495.648  -154.994  -46108.8  -229.731  -139.055  11
249  2196  0  -46107.8  -233.611  -139.996  -46464.4  1049.8  -41.8  11
249  2197  0  -46464.4  1049.8  -41.8  -47426  783.661  -55.9388  11
249  2198  0  -47426  783.661  -55.9388  -47069.4  -499.753  -154.135  11
249  2199  0  -47069.4  -499.753  -154.135  -46107.8  -233.611  -139.996  11
250  2200  0  -46107  -236.345  -141.186  -46464.2  1044.58  -41.8  11
250  2201  0  -46464.2  1044.58  -41.8  -47424  777.94  -54.3544  11
250  2202  0  -47424  777.94  -54.3544  -47066.9  -502.983  -153.74  11
250  2203  0  -47066.9  -502.983  -153.74  -46107  -236.345  -141.186  11
251  2204  0  -46106.1  -240.268  -142.124  -46463.3  1038.97  -41.8  11
251  2205  0  -46463.3  1038.97  -41.8  -47421.9  772.229  -53.4222  11
251  2206  0  -47421.9  772.229  -53.4222  -47064.7  -507.006  -153.746  11
251  2207  0  -47064.7  -507.006  -153.746  -46106.1  -240.268  -142.124  11
252  2208  0  -46104.3  -245.624  -141.891  -46461.7  1033.68  -41.8  11
252  2209  0  -46461.7  1033.68  -41.8  -47420.3  766.798  -54.056  11
252  2210  0  -47420.3  766.798  -54.056  -47062.9  -512.509  -154.147  11
252  2211  0  -47062.9  -512.509  -154.147  -46104.3  -245.624  -141.891  11
253  2212  0  -46105.8  -250.068  -140.616  -46460.6  1026.34  -41.8  11
253  2213  0  -46460.6  1026.34  -41.8  -47417  761.448  -54.2604  11
253  2214  0  -47417  761.448  -54.2604  -47062.2  -514.962  -153.076  11
253  2215  0  -47062.2  -514.962  -153.076  -46105.8  -250.068  -140.616  11
254  2216  0  -46106.2  -255.46  -140.855  -46458.9  1019.98  -41.8  11
254  2217  0  -46458.9  1019.98  -41.8  -47414.6  756.525  -52.8208  11
254  2218  0  -47414.6  756.525  -52.8208  -47061.9  -518.912  -151.876  11
254  2219  0  -47061.9  -518.912  -151.876  -46106.2  -255.46  -140.855  11
255  2220  0  -46103  -260.982  -142.374  -46457.1  1015.85  -41.8  11
255  2221  0  -46457.1  1015.85  -41.8  -47414  751.227  -51.2388  11
255  2222  0  -47414  751.227  -51.2388  -47059.8  -525.609  -151.812  11
255  2223  0  -47059.8  -525.609  -151.812  -46103  -260.982  -142.374  11
256  2224  0  -46101.7  -265.194  -143.739  -46456  1010.43  -41.8  11
256  2225  0  -46456  1010.43  -41.8  -47412  745.489  -49.6103  11
256  2226  0  -47412  745.489  -49.6103  -47057.7  -530.136  -151.549  11
256  2227  0  -47057.7  -530.136  -151.549  -46101.7  -265.194  -143.739  11
257  2228  0  -46100.9  -269.073  -144.822  -46455  1004.83  -41.8  11
257  2229  0  -46455  1004.83  -41.8  -47409.8  739.906  -47.7435  11
257  2230  0  -47409.8  739.906  -47.7435  -47055.6  -534  -150.765  11
257  2231  0  -47055.6  -534  -150.765  -46100.9  -269.073  -144.822  11
258  2232  0  -46100.3  -273.583  -145.78  -46453.7  999.016  -41.8  11
258  2233  0  -46453.7  999.016  -41.8  -47407.5  734.546  -46.0844  11
258  2234  0  -47407.5  734.546  -46.0844  -47054.1  -538.053  -150.065  11
258  2235  0  -47054.1  -538.053  -150.065  -46100.3  -273.583  -145.78  11
259  2236  0  -46099.5  -280.305  -146.893  -46451.2  993.067  -41.8  11
259  2237  0  -46451.2  993.067  -41.8  -47405.6  729.741  -44.7579  11
259  2238  0  -47405.6  729.741  -44.7579  -47053.9  -543.631  -149.851  11
259  2239  0  -47053.9  -543.631  -149.851  -46099.5  -280.305  -146.893  11
260  2240  0  -46099.6  -285.801  -147.905  -46449.2  986.596  -41.8  11
260  2241  0  -46449.2  986.596  -41.8  -47402.9  724.66  -43.3972  11
260  2242  0  -47402.9  724.66  -43.3972  -47053.3  -547.737  -149.502  11
260  2243  0  -47053.3  -547.737  -149.502  -46099.6  -285.801  -147.905  11
261  2244  0  -46098.9  -288.715  -148.92  -46448.6  981.038  -41.8  11
261  2245  0  -46448.6  981.038  -41.8  -47400.4  718.876  -41.8818  11
261  2246  0  -47400.4  718.876  -41.8818  -47050.6  -550.876  -149.002  11
261  2247  0  -47050.6  -550.876  -149.002  -46098.9  -288.715  -148.92  11
262  2248  0  -46097.3  -293.817  -150.857  -46446.8  975.8  -42.6189  11
262  2249  0  -46446.8  975.8  -42.6189  -47398.6  713.735  -41.8  11
262  2250  0  -47398.6  713.735  -41.8  -47049.1  -555.882  -150.038  11
262  2251  0  -47049.1  -555.882  -150.038  -46097.3  -293.817  -150.857  11
263  2252  0  -46094.5  -300.592  -151.469  -46444.1  970.783  -42.3959  11
263  2253  0  -46444.1  970.783  -42.3959  -47397.2  708.646  -41.8  11
263  2254  0  -47397.2  708.646  -41.8  -47047.6  -562.729  -150.873  11
263  2255  0  -47047.6  -562.729  -150.873  -46094.5  -300.592  -151.469  11
264  2256  0  -46092.8  -305.67  -153.106  -46442.4  965.542  -43.1919  11
264  2257  0  -46442.4  965.542  -43.1919  -47395.4  703.301  -41.8  11
264  2258  0  -47395.4  703.301  -41.8  -47045.7  -567.911  -151.714  11
264  2259  0  -47045.7  -567.911  -151.714  -46092.8  -305.67  -153.106  11
265  2260  0  -46092.2  -310.412  -154.519  -46440.9  959.683  -43.9222  11
265  2261  0  -46440.9  959.683  -43.9222  -47393  698.137  -41.8  11
265  2262  0  -47393  698.137  -41.8  -47044.4  -571.958  -152.397  11
265  2263  0  -47044.4  -571.958  -152.397  -46092.2  -310.412  -154.519  11
266  2264  0  -46092.3  -315.289  -156.38  -46439.4  953.456  -45.0889  11
266  2265  0  -46439.4  953.456  -45.0889  -47390.6  692.973  -41.8  11
266  2266  0  -47390.6  692.973  -41.8  -47043.5  -575.772  -153.092  11
266  2267  0  -47043.5  -575.772  -153.092  -46092.3  -315.289  -156.38  11
267  2268  0  -46090.8  -321.209  -158.366  -46437.3  947.957  -46.3953  11
267  2269  0  -46437.3  947.957  -46.3953  -47388.8  687.769  -41.8  11
267  2270  0  -47388.8  687.769  -41.8  -47042.3  -581.397  -153.771  11
267  2271  0  -47042.3  -581.397  -153.771  -46090.8  -321.209  -158.366  11
268  2272  0  -46086.7  -327.921  -159.167  -46434.7  944.025  -47.1537  11
268  2273  0  -46434.7  944.025  -47.1537  -47388.3  682.686  -41.8  11
268  2274  0  -47388.3  682.686  -41.8  -47040.3  -589.26  -153.814  11
268  2275  0  -47040.3  -589.26  -153.814  -46086.7  -327.921  -159.167  11
269  2276  0  -46084.2  -332.708  -160.36  -46433.2  939.494  -47.8468  11
269  2277  0  -46433.2  939.494  -47.8468  -47387  677.341  -41.8  11
269  2278  0  -47387  677.341  -41.8  -47038  -594.861  -154.313  11
269  2279  0  -47038  -594.861  -154.313  -46084.2  -332.708  -160.36  11
270  2280  0  -46084.8  -337.848  -161.327  -46431.6  932.712  -48.357  11
270  2281  0  -46431.6  932.712  -48.357  -47384.2  672.091  -41.8  11
270  2282  0  -47384.2  672.091  -41.8  -47037.3  -598.468  -154.77  11
270  2283  0  -47037.3  -598.468  -154.77  -46084.8  -337.848  -161.327  11
271  2284  0  -46085.6  -343.673  -162.186  -46429.6  925.977  -49.4416  11
271  2285  0  -46429.6  925.977  -49.4416  -47381.4  667.407  -41.8  11
271  2286  0  -47381.4  667.407  -41.8  -47037.4  -602.243  -154.544  11
271  2287  0  -47037.4  -602.243  -154.544  -46085.6  -343.673  -162.186  11
272  2288  0  -46084.8  -350.573  -162.565  -46427  920.081  -50.8733  11
272  2289  0  -46427  920.081  -50.8733  -47379.4  662.83  -41.8  11
272  2290  0  -47379.4  662.83  -41.8  -47037.3  -607.824  -153.492  11
272  2291  0  -47037.3  -607.824  -153.492  -46084.8  -350.573  -162.565  11
273  2292  0  -46083.8  -356.02  -164.878  -46425.3  914.455  -52.6017  11
273  2293  0  -46425.3  914.455  -52.6017  -47377.6  657.525  -41.8  11
273  2294  0  -47377.6  657.525  -41.8  -47036.1  -612.95  -154.076  11
273  2295  0  -47036.1  -612.95  -154.076  -46083.8  -356.02  -164.878  11
274  2296  0  -46083.2  -360.455  -167.758  -46424.1  908.742  -54.2621  11
274  2297  0  -46424.1  908.742  -54.2621  -47375.5  652.073  -41.8  11
274  2298  0  -47375.5  652.073  -41.8  -47034.6  -617.124  -155.296  11
274  2299  0  -47034.6  -617.124  -155.296  -46083.2  -360.455  -167.758  11
275  2300  0  -46083.5  -364.69  -169.591  -46423  902.769  -55.3741  11
275  2301  0  -46423  902.769  -55.3741  -47373.1  647.054  -41.8  11
275  2302  0  -47373.1  647.054  -41.8  -47033.6  -620.405  -156.017  11
275  2303  0  -47033.6  -620.405  -156.017  -46083.5  -364.69  -169.591  11
276  2304  0  -46083.4  -370.118  -169.79  -46421.2  896.542  -55.1451  11
276  2305  0  -46421.2  896.542  -55.1451  -47370.8  642.12  -41.8  11
276  2306  0  -47370.8  642.12  -41.8  -47033  -624.541  -156.445  11
276  2307  0  -47033  -624.541  -156.445  -46083.4  -370.118  -169.79  11
277  2308  0  -46082.8  -373.622  -170.666  -46420.9  891.034  -55.6297  11
277  2309  0  -46420.9  891.034  -55.6297  -47369  636.292  -41.8  11
277  2310  0  -47369  636.292  -41.8  -47030.9  -628.364  -156.837  11
277  2311  0  -47030.9  -628.364  -156.837  -46082.8  -373.622  -170.666  11
278  2312  0  -46083.6  -374.177  -170.322  -46422.6  884.934  -56.2263  11
278  2313  0  -46422.6  884.934  -56.2263  -47366.4  629.506  -41.8  11
278  2314  0  -47366.4  629.506  -41.8  -47027.4  -629.605  -155.895  11
278  2315  0  -47027.4  -629.605  -155.895  -46083.6  -374.177  -170.322  11
279  2316  0  -46083.1  -377.006  -171.654  -46422.3  879.552  -57.0081  11
279  2317  0  -46422.3  879.552  -57.0081  -47364.2  623.93  -41.8  11
279  2318  0  -47364.2  623.93  -41.8  -47025.1  -632.629  -156.446  11
279  2319  0  -47025.1  -632.629  -156.446  -46083.1  -377.006  -171.654  11
280  2320  0  -46080.9  -384.633  -173.727  -46418.6  874.894  -57.0428  11
280  2321  0  -46418.6  874.894  -57.0428  -47362.9  620.274  -41.8  11
280  2322  0  -47362.9  620.274  -41.8  -47025.2  -639.253  -158.484  11
280  2323  0  -47025.2  -639.253  -158.484  -46080.9  -384.633  -173.727  11
281  2324  0  -46077.4  -393.64  -173.96  -46414.6  870.479  -56.22  11
281  2325  0  -46414.6  870.479  -56.22  -47362.4  616.302  -41.8  11
281  2326  0  -47362.4  616.302  -41.8  -47025.2  -647.817  -159.54  11
281  2327  0  -47025.2  -647.817  -159.54  -46077.4  -393.64  -173.96  11
282  2328  0  -46072.9  -399.513  -173.796  -46412.5  867.018  -55.4838  11
282  2329  0  -46412.5  867.018  -55.4838  -47362.2  611.057  -41.8  11
282  2330  0  -47362.2  611.057  -41.8  -47022.5  -655.473  -160.112  11
282  2331  0  -47022.5  -655.473  -160.112  -46072.9  -399.513  -173.796  11
283  2332  0  -46070.2  -403.738  -174.463  -46411.4  862.786  -55.5036  11
283  2333  0  -46411.4  862.786  -55.5036  -47361.1  605.635  -41.8  11
283  2334  0  -47361.1  605.635  -41.8  -47019.8  -660.889  -160.76  11
283  2335  0  -47019.8  -660.889  -160.76  -46070.2  -403.738  -174.463  11
284  2336  0  -46067.6  -411.584  -174.092  -46408.3  857.97  -55.0433  11
284  2337  0  -46408.3  857.97  -55.0433  -47360.3  601.236  -41.8  11
284  2338  0  -47360.3  601.236  -41.8  -47019.6  -668.318  -160.849  11
284  2339  0  -47019.6  -668.318  -160.849  -46067.6  -411.584  -174.092  11
285  2340  0  -46065.1  -420.812  -175.207  -46404.8  852.79  -55.9541  11
285  2341  0  -46404.8  852.79  -55.9541  -47359.8  596.759  -41.8  11
285  2342  0  -47359.8  596.759  -41.8  -47020.1  -676.842  -161.053  11
285  2343  0  -47020.1  -676.842  -161.053  -46065.1  -420.812  -175.207  11
286  2344  0  -46064.2  -428.69  -176.914  -46402.3  846.658  -57.4144  11
286  2345  0  -46402.3  846.658  -57.4144  -47358.6  591.691  -41.8  11
286  2346  0  -47358.6  591.691  -41.8  -47020.5  -683.657  -161.3  11
286  2347  0  -47020.5  -683.657  -161.3  -46064.2  -428.69  -176.914  11
287  2348  0  -46068  -427.896  -178.178  -46404.1  839.153  -58.7169  11
287  2349  0  -46404.1  839.153  -58.7169  -47354.1  585.534  -41.8  11
287  2350  0  -47354.1  585.534  -41.8  -47018  -681.516  -161.261  11
287  2351  0  -47018  -681.516  -161.261  -46068  -427.896  -178.178  11
288  2352  0  -46067.8  -432.787  -180.346  -46403.1  833.026  -60.4034  11
288  2353  0  -46403.1  833.026  -60.4034  -47352.2  579.868  -41.8  11
288  2354  0  -47352.2  579.868  -41.8  -47016.9  -685.945  -161.742  11
288  2355  0  -47016.9  -685.945  -161.742  -46067.8  -432.787  -180.346  11
# 289  2356  0  -46066.5  -436.493  -180.202  -46401.7  829.328  -60.3228  11
# 289  2357  0  -46401.7  829.328  -60.3228  -47350.8  576.242  -41.8  11
# 289  2358  0  -47350.8  576.242  -41.8  -47015.6  -689.58  -161.679  11
# 289  2359  0  -47015.6  -689.58  -161.679  -46066.5  -436.493  -180.202  11
