# 3D Feature ID    X (m)      Y (m) 	    Z (m)  

     0       328789.7812   4690444.500   54.39759827   
     1       328998.4375   4690521.000   31.20643044  
     2       329015.3465   4690470.179   31.96282005   
     3       329073.5938   4690391.000   58.19300079  
     4       328736.5938   4690394.500   125.1162643   
     5       328805.4062   4690387.000   124.3184357   
     6       328846.8750   4690521.500   124.4923019   
     7       328884.8125   4690553.500   128.5797577   
     8       329061.5625   4690716.000   58.58362198   
     9       328867.7188   4690655.500   27.07547188   
    10       328769.6562   4690594.500   24.65085220   
    11       328708.3750   4690509.000   98.69342041   
    12       328843.3750   4690506.000   30.46542931   
    13       329281.6562   4690544.000   30.64256287   
    14       329572.6250   4690539.000   22.63429832   
    15       329853.0625   4690346.000   26.97330666  
    16       329556.1250   4690224.000   29.81937027  
    17       329131.4062   4690863.000   88.27105713  

# 2D Feature ID    U	 	V

     0      0.9819381237  0.3264665306  
     1      0.7897867560  0.5737398863  
     2      0.9490954280  0.5858291984  
     3       1.184790611  0.6982155442  
     4       1.298035860  0.5441583991  
     5       1.295622945  0.6662153006  
     6      0.6623662114  0.7306368947  
     7      0.5767092109  0.7862271667  
     8      0.3257703781  0.7052586675  
     9      0.2381244451  0.4219970405  
    10      0.2755316198  0.2088017762  
    11      0.5244828463  0.3522240222  
    12      0.7349110842  0.3581875265  
    13      0.8432585001  0.7619311213  
    14      0.9169849753  0.8482209444  
    15       1.192016721  0.9095148444  
    16       1.412602782  0.8469053507  
    17     0.09076748043  0.8142864108  

