# 3D Feature ID    X (m)	 Y (m) 	       Z (m)  

     0         327717.4062   4691840.500   48.35922623    
     1         327724.1250   4691896.000   23.31552887    
     2         327839.8438   4691858.500   24.01558304    
     3         327810.6562   4691880.000   23.44872665    
     4         327466.5938   4691668.000   18.87521935    
     5         327457.1562   4691726.000   20.45984077    
     6         327756.4062   4691853.500   9.702668190    
     7         327626.9375   4691779.500   34.21503448    
     8         327811.8125   4691908.500   40.80848312    
     9         327758.5000   4691935.500   27.81673050    
    10         327785.8750   4691951.000   26.77444458    
    11         327304.6589   4691749.963   19.77435493    
    12         327576.7188   4691632.500   27.64230919    
    13         327403.1875   4691526.500   22.35200310    
    14         327824.9057   4691894.687   22.79157829    
    15         327843.0312   4691862.500   4.321774483    

# 2D Feature ID      U	 	  V

     0        0.5746958852  0.6529414654    
     1        0.8582580090  0.5249395967    
     2        0.5262941718  0.1929401457    
     3        0.7590259314  0.3190202713    
     4        0.3189981878  0.6917242408    
     5        0.4472277462  0.6997395754    
     6        0.6137259007  0.4072357118    
     7        0.4395269752  0.6632108092    
     8         1.007114410  0.4378866255    
     9         1.104995966  0.4784744680    
    10         1.269511223  0.4081540108    
    11        0.5638215542  0.7428831458    
    12        0.1044004858  0.6632071733    
    13        0.1240164191  0.7101500630    
    14        0.8877847791  0.2551130652    
    15        0.5817289948 0.02590546384    

