# Img	fu	fv	 u0	    v0	      k2      alpha  beta      phi  chisq_RMS

58  2.86445  2.86445  0.960527  0.276992  0.00078125  -0.0160216  0.032384  2.18138  0.00184378

87  2.88108  2.88108  0.958809  0.402617  0.003125  0.00102265  -0.014249  2.17577  0.00186989

116  2.84135  2.84135  0.996816  0.306055  0.00234375  -0.0163625  0.0299297  2.1706  0.00187627

174  2.91177  2.91177  0.945098  0.288477  -0.0191406  0  0.010022  2.15716  0.00130071

232  2.99749  2.99749  0.96123  0.344727  -0.0457031  0  -0.0344293  2.15003  0.00223003
