54720
56241
46723
46011
45368
42561
40296
39636
36626
34705
34329
32570
32034
31963
30638
30548
29724
29492
29344
29161
28225
28202
27456
26256
26180
25869
25796
25772
25315
25243
24752
24602
24235
23931
23848
22903
22811
22145
21927
21824
21702
21414
21394
21225
20824
20796
20789
20543
20391
20360
20148
20126
19925
19913
19705
19582
19421
19001
18649
18544
18533
18506
18466
18412
18348
18357
18302
18260
18245
18214
17901
17774
17626
17477
17410
12178
12027
12174
12664
13290
12714
11990
11701
14757
12229
12827
12441
12725
10952
10608
12947
14314
13202
10795
10151
13183
10493
14505
13196
10217
11084
10381
10248
10836
10508
10065
9751
12046
9460
9430
9653
9291
10443
8671
8358
7650
8064
7773
16774
9475
9302
7411
7355
7486
7349
6908
8415
7443
6981
6559
6293
7453
5678
6755
6670
5618
5459
5392
5374
7531
6210
5210
5163
6659
11995
7269
4986
9518
4728
4725
4745
4945
4542
6454
4454
5971
5000
4647
4472
4246
6750
4458
4448
4484
6634
4737
3947
8026
3720
3626
3576
5349
3762
3339
5506
4397
3801
2987
2887
6766
2709
2407
9926
8838
2962
2092
2041
2008
3523
2116
1964
5145
2538
2045
1834
1765
6076
1738
1648
3207
1407
1107
1063
1006
915
902
1005
6549
1235
1210
958
883
856
831
722
718
6222
685
581
2087
714
629
553
523
2481
1183
524
426
385
2515
416
316
2215
1718
341
8774
4024
812
487
396
1604
535
509
364
7044
5547
418
258
11910
9577
4608
442
228
190
171
125
6539
239
35
3
1
8850
6126
2790
7426
3547
1166
1
1442
1133
800
1
8888
2526
15
5181
11475
6531
4408
3267
3246
1623
1519
363
254
2770
408
331
171
3302
130
1
8192
5950
4428
2410
1907
1664
304
1
3274
2557
1710
1536
1100
1091
1054
259
229
89
67
4108
3147
1638
1584
1138
953
258
4
7316
3675
3161
2736
1204
665
389
280
129
41
14489
3549
2074
1601
1368
805
701
670
585
53
5958
4216
3908
2537
1081
1070
921
622
111
41
20
4
3
4404
2625
2321
1203
1081
286
284
103
49
989
118
115
83
6950
2254
1399
1237
577
272
227
204
3
8444
2361
1597
1304
1148
683
102
2
1
