    0.00000          0          0
   0.375267   0.209740    0.00000
   0.731666   0.551500    0.00000
   0.515207   0.777231    0.00000
   0.158808   0.435472    0.00000

    1.00000          0          0
   0.351309   0.230232    0.00000
   0.712196   0.576296    0.00000
   0.539165   0.756740    0.00000
   0.178277   0.410676    0.00000

    2.00000          0          0
   0.351309   0.230232    0.00000
   0.712196   0.576296    0.00000
   0.539165   0.756740    0.00000
   0.178277   0.410676    0.00000

    3.00000          0          0
   0.351309   0.230232    0.00000
   0.712196   0.576296    0.00000
   0.539165   0.756740    0.00000
   0.178277   0.410676    0.00000

    4.00000          0          0
   0.351309   0.230232    0.00000
   0.712196   0.576296    0.00000
   0.539165   0.756740    0.00000
   0.178277   0.410676    0.00000

    5.00000          0          0
   0.351309   0.230232    0.00000
   0.712196   0.576296    0.00000
   0.539165   0.756740    0.00000
   0.178277   0.410676    0.00000

    6.00000          0          0
   0.351309   0.230232    0.00000
   0.712196   0.576296    0.00000
   0.539165   0.756740    0.00000
   0.178277   0.410676    0.00000

    7.00000          0          0
   0.351309   0.230232    0.00000
   0.712196   0.576296    0.00000
   0.539165   0.756740    0.00000
   0.178277   0.410676    0.00000

    8.00000          0          0
   0.351309   0.230232    0.00000
   0.712196   0.576296    0.00000
   0.539165   0.756740    0.00000
   0.178277   0.410676    0.00000

    9.00000          0          0
   0.351309   0.230232    0.00000
   0.712196   0.576296    0.00000
   0.539165   0.756740    0.00000
   0.178277   0.410676    0.00000

    10.0000          0          0
   0.351309   0.230232    0.00000
   0.712196   0.576296    0.00000
   0.539165   0.756740    0.00000
   0.178277   0.410676    0.00000

