51
55186
9684
7283
7389
7172
7585
31
6943
73017
2502
46
42025
366765
134
7
8580
7954
5012
2872
9789
3384
83
5097
5667
1755
1
2753
4288
20
8356
565
880931
671246
97901
5048
6254
774
6779
787
424683
135
322
363
7763
629332
46515
53210
7479
99159
88
5855
5797
906
45
29113
11
919
2679
908
56
61809
342
18562
165
32530
7669
256
26
2
85758
3
706
571
929
2378
2364
68144
53
87
999
72
8377
1572
633
127
950
46
678
960
1256
405
342701
39046
2130
473
4831
275
759
69
4
4911
15
5670
599
121
1280
64
9828
4
2049
894
5786
401
1347
4262
49053
5537
3356
86695
95
7513
84145
8
31
74
753
7637
8792
252
1547
38460
56
7456
2402
1065
5939
7928
7534
928549
772
970
49
7189
5905
1
6
1158
10909
3989
7
1752
80
942
852204
23078
67573
943
106
2109
29497
1885
222
8509
12129
835
60408
593
77402
175
8584
8764
711
609
925
3285
8629
4075
8630
79248
76497
4790
26103
19
9555
758
1729
9778
946
642334
79103
87
94814
98963
54061
248019
45
79839
69
808
119
41
962
5305
6503
68
75
2556
5
894689
922813
9389
71392
3
62759
3
423
555
348
178
9324
8759
3790
32016
6139
67
12742
3600
3264
7931
6597
6146
97735
1938
2397
26
1410
950421
708
7775
6
59
20265
66934
1204
15
6747
8844
9497
273
430
959
8638
7528
821
257
895806
724952
64229
1542
2663
1748
8
4419
9368
317
81130
3211
447
5
1771
30590
90
1401
496428
591
10116
8
88028
4951
2348
3
38359
6924
649
51514
6784
667
83
6800
5486
15851
60
75824
78694
62098
6749
31
20724
314
17
92325
6293
4513
9019
1866
57752
7819
79594
57
40032
5722
404611
429
7394
81959
417
203
5844
29
5014
1174
690813
1672
391
2057
2138
1443
4057
9726
6243
828
7626
899
8528
40949
2040
3472
1272
97166
32
76
6387
5843
153
50
98
312
4325
52
6822
9688
2595
804
1933
789
99617
1
4029
7157
83
6188
471
1577
62297
4878
114
2787
954
55863
7341
52
52788
338
542
4553
41308
41
296
6218
8566
9058
25
544
2
80
88456
4977
1762
921
20222
8843
3231
8677
92
8166
23
47165
5715
76
83958
5337
4799
816
1421
9423
12
523
4240
5598
2546
2597
2917
78999
11
3898
2789
2095
13426
4601
15
2193
3244
525
88596
46054
213
2824
9081
8007
7289
57
8706
116
376
683
9699
27
37669
550
834901
542087
8855
4414
42861
62
52
5044
42338
5
76131
5
88
0
60419
86
13129
37729
3799
2
9344
1719
650195
13910
57
81615
173
5937
6
5972
3
8885
9
7277
2635
75
4
97058
4646
50
232
9354
276
63420
77
13
898816
52151
592
963825
9010
1652
29
478
7508
477529
5033
3701
7482
2079
385
48
1840
31835
9565
3359
4575
34243
4533
9384
85351
26
8989
2
9140
2432
320269
552
75
48
4
527
66
18
727
6
2388
18707
2
7885
7620
416
13878
96
51
198567
4998
57
210982
28220
91
66
265
9014
226438
24
5
436
8170
59
50
32608
9
972
4007
7366
984
590
3624
2412
586087
431333
3163
1278
475
1625
7082
2067
80660
43
642
6955
922
1438
42
28127
14
336
171
9514
295
4540
7372
52
94
5396
1048
884948
25103
8325
8
60
7499
8201
72
7743
7440
2900
1961
1019
274
28574
35
621
786
93347
8850
78062
6337
1519
28
53284
64114
670
663
55
7
86264
3192
13
99461
10177
939
54541
57
2208
9999
62
4
182
45080
68203
93
10935
7848
8043
42995
6549
7998
335
84
748
67663
73
2931
90193
59
69
1004
891
8467
32
2
86
58420
7384
2609
31716
4603
4452
33
31344
760947
73
6362
805
80606
41
287
96
9
551
66
7892
559
50
42
20373
6267
3453
45
3321
70
325485
5069
679371
141660
700833
82587
921943
841
43
9
66
415239
37209
2767
618
476
6478
7973
355
219
6794
9
34
4838
800
53
3700
4097
96505
54
47238
6638
4851
21
7777
2366
60
39
208
33312
14312
20
971
624
2686
746
6208
8365
54025
705
652
514875
29267
30
451
849
6341
192
30559
7276
996
3820
9550
2
4657
3530
882
0
9775
3645
698
72
44210
1324
7002
889814
41124
4049
27929
493
8964
60821
5699
30446
672
71453
68
23
35
6827
6141
264
92
217
79583
6950
30540
8948
45402
8895
2636
284
14405
36240
521
95274
69049
13424
8
3516
35
72991
44
233
1978
13456
1138
9
3735
67234
5166
93957
3779
70389
37
3617
94586
23419
3198
17025
25139
3031
172
3292
71627
595
63779
5635
2468
240
832
2136
90
419
2980
76
28
71873
7711
2354
9343
72926
46
7657
88189
808854
986
992
885
28885
3789
8936
95362
2803
818
134669
1231
6601
5184
98743
67
28
33762
6905
138267
8563
63207
7925
72
3
1554
2713
97606
3172
4957
1596
19
26342
9186
1352
2774
45105
37551
831
74
46734
70565
9392
795261
77
50
5880
6028
735
32
3694
793785
3889
9335
20423
6861
28596
8294
86790
88888
6214
56686
18
90
39
84
465
193
1001
801
8553
25990
5419
68
5024
2819
1859
30
7365
9676
5692
52920
2783
33167
7311
51422
66029
67623
33821
51359
53031
638
3111
7918
56554
83
846
982888
84
863489
73505
969
362
50709
607
8958
532
4333
7
740
1982
8656
7
3676
5725
3949
955
64
2866
89966
8906
375
2932
5145
370263
0
4080
902
8425
9767
15390
50778
1122
32775
251
96698
659
68197
9568
26351
5373
44
7975
84296
99
57976
9707
595331
674
543
48657
63
31
3682
59
9
128
35
48780
5404
18741
3878
22631
1275
73812
7026
952
14
8459
8
36
7687
940
64
55
6
1100
22221
4213
746263
25
61455
155
9170
865
111
271
117
260
7774
2573
8198
5
1417
67
33403
40
84347
85
8158
70257
29722
62
30553
2485
87237
25996
86
814
187
182302
267
8896
1365
289
86
9654
24221
95150
25
5409
363149
7007
7859
16299
71
41428
71014
74210
9365
9
24241
7119
4
7690
18619
9543
35145
2263
754
427
92
38
360
56
5
29
1773
69317
270
8034
833
93456
118
352
92
7926
17
76797
425839
9164
0
92338
4751
3051
37
3151
42
6
4
936
9934
7697
554
1030
32625
9297
879
274947
80
20
4672
202
69619
66
49159
575
9421
91387
64
19
31
9013
1627
66893
95
51377
514
4
9352
6767
9690
3650
8263
366
50465
5
87889
2413
7809
4066
9851
79992
6863
65
37
0
5264
97
878
20
6818
51535
467
6301
30275
5
5836
269
5642
41398
50
6624
1
2075
8122
63
25863
825
35
2914
72164
9435
98484
8103
4270
7134
7593
93436
652539
36
92
7507
839
537
5852
38
5941
15
27
67156
36
689
5702
311
6381
1270
5361
9364
2769
8498
946062
843
17808
2
4991
19
77066
51
330
67
7533
43653
34484
7379
80
1740
28
7213
413827
105
7706
887
22
21
6366
88365
562
396
961
42644
7140
30807
724
85085
6517
74659
983
5674
153538
39658
8
68
486315
9660
792
74
8276
79412
556
9
354
1850
4371
3804
493243
785
81429
830
2129
7
290
3873
1194
1994
6680
5490
25764
75470
71081
9969
1537
8869
20398
1103
68616
2941
60
9476
5468
8999
3306
6323
6964
41120
61
49881
5402
1184
70075
734
44
6330
54466
920
80162
48
16
4298
33338
3557
22
3080
99267
534
19947
1233
51
31686
81018
3
75
6878
9730
605
15
1545
3998
44
29
6
510
6826
573
309
70374
3458
553
8285
86597
66
7442
36571
201
2709
933
79
1073
89566
281267
61184
53366
95
3313
2226
1104
94
497570
44535
797
25013
9021
4281
8606
133
70883
33088
747
41762
2368
728
74218
1349
40
74
30661
8710
91534
4162
873
1814
28018
45064
39907
56
4765
38
72
66595
377
912
54
691762
8641
1487
5470
38379
76181
35702
680
349
61
88049
51
7827
3304
4969
8300
90
5734
7673
277
8360
96
3604
7678
627
48883
756
227
1
35
808179
2105
5092
9
29714
0
9100
2576
16221
86
138
547
18894
12873
4335
1102
50266
28
8424
44
58647
20413
4900
9103
80500
9162
64945
8698
3000
456
6975
8310
35913
6404
733
8737
164
78443
7053
71553
720
9049
4137
3844
32101
76
161
77187
2797
14536
6592
6728
607140
205
1276
9
6930
990
55
826147
87709
657760
5101
5123
1043
75
68010
49270
1609
6
40698
27
413
37769
7662
4
55
82077
99964
897
2158
513
9727
928
3744
71
779
5411
553771
68777
4248
1877
5434
122673
9898
60
18515
389
97
168
78729
54784
979
19595
3870
7575
2
608156
94
2648
233244
4805
18882
38199
5
823
3608
898
982
4189
45439
4
8
7674
6086
1106
91
95593
5
810275
5025
5834
61321
45
35
59
346
2310
851
55803
4052
6836
576
77
2813
45477
1150
6046
2033
938
8
0
3043
702
161452
2708
19
90454
57810
2
5122
7568
27943
11
4316
990908
47270
47
7791
5375
3994
181
6678
4
472
6691
103
3158
6275
7759
5580
75
14
19157
8849
139676
4968
518
3798
50274
72530
8479
24158
2124
35
10348
60
481
82166
8073
38
1
964
7120
38885
29226
239196
4346
729
86653
3
932
6079
726028
3110
7813
5693
292174
1536
3968
5671
82744
7245
1014
662
1825
7318
6600
82551
4855
55839
65
8525
365
762
20812
4
6291
30513
3145
15115
757
28
13893
90
47654
68077
8787
903
323346
9360
44
6382
8375
28168
6575
3858
92
50
53713
2
7512
22
41945
47024
8778
50795
840
8027
784
325
4
52160
6886
864
4481
2407
1025
8096
15696
38
9296
51
9001
962009
241810
795
99
800903
26
892
26467
7846
2731
17443
49018
2
7660
3729
50
399
2662
0
48
7
1096
2171
19071
4773
12266
6995
6008
88738
40669
7036
315856
149
158
862
1119
619
6052
7428
845
44716
31
916
3054
54090
1730
8846
7340
64111
4
57459
3003
61
1091
991127
240998
528983
1453
74401
876
83420
7788
10
92621
9656
468
86141
69
648743
12820
52100
92908
59853
82
13
57470
94068
884
7072
726
9418
191
477
88
4484
80
5
9444
69
8888
7960
7089
237
109
88985
452
26
49572
161654
98
54
86
701
767
377276
5960
3071
29657
6791
70
26
1
8665
9437
9887
8646
14
2794
5
60
38458
215068
7
9713
22
8053
422
0
68
86055
3268
69849
409
52212
9
9208
65
50753
80557
9723
937799
9311
7125
76324
893
9097
13
694
5
4
1133
57
99569
7218
27
46721
79
36390
63
965
2630
30
16
49802
9075
4886
90919
7734
713
6343
6553
54428
1215
970415
55415
653
374
6824
461
789307
16421
4334
7
345
13
637
4954
3454
65966
63800
4714
2127
162503
9102
74940
80629
27306
365201
3852
48121
810
7169
8614
290944
53
949
8746
129458
5620
33176
3386
38
9277
46
34
359
7
54
1639
5460
64
2607
120194
408
58
7768
0
538
33955
477216
21
85007
263538
4201
12
6125
775338
2669
38
92953
11316
26715
12033
53
9874
58344
67
97221
1939
869
91
97
5182
98811
35
8
1163
318
2990
24084
260753
6832
415
36395
7511
50784
30604
1258
6
57
9610
9694
83
8599
73648
0
316
4731
4211
5199
319
2178
5538
57
3127
772283
50
3232
63
302
755
90
3018
55663
7290
54
4741
11773
67
496
773669
920051
6736
101
4376
532683
2199
79
5204
48020
37
9258
59
9885
46
78
3465
29708
18
5664
2850
9
0
9760
4
822
0
36757
712281
74121
4549
215
1911
29720
3722
48030
61345
13
681522
9414
5717
6203
5997
63135
698239
2207
1889
7469
710
7
450723
602
97673
8754
5
9302
77582
48576
74984
2374
97842
2194
69166
582948
2626
18700
78353
66
18231
1711
7631
52125
96423
67165
7413
379
41
88
4668
22677
872
131
975
199
9
4523
0
54444
588
6175
404
25
3
51813
2974
324
9388
9869
4949
2305
4470
4826
9992
1698
3523
1851
6
6720
1
48999
74919
2329
49
44650
640
34011
4764
77
4740
122
225
494
6838
622
6935
77
1854
2251
75818
69
1727
907
71
5
295570
11
719151
307
10458
12380
8179
7845
41834
25
2886
9
6
40
62
19663
8
4332
3902
76631
28
13696
85791
632
7360
65
17
76191
59562
36767
1901
53776
5498
1114
159693
25128
39
735557
6216
4013
6383
2500
9318
82
934
3370
8771
79
9443
9613
6729
8442
5896
65
9
1
93
0
8485
8757
8974
15315
9216
2430
88825
265593
3319
732636
96
55017
22
77626
995
92
351
58162
8602
2490
8927
9432
94
874
282
1
896
7467
20
5445
6345
974043
9942
2908
291
62593
8398
1
6647
55
40
847
74
3710
46
8156
22
42108
9289
86102
878223
7162
7814
8436
4026
2303
373
39
8193
7950
692
358834
31
4114
8561
66099
68
2530
71605
17971
2451
1632
60
9243
7911
5051
81
643
6570
8
7659
7702
15714
45786
36
2216
783
720721
3406
8162
2240
8683
49
9051
5045
37949
63690
86573
58522
5
8335
85078
16
2292
3985
5758
73
3907
5631
71190
5613
9265
2651
62
34
5659
223
749
13
4625
6763
8805
5
703529
994897
2373
4062
26065
3283
5239
17124
89
17473
88
48291
905699
31
5000
84
9808
882416
987
28
53
6559
7350
8
6272
56151
3152
3457
3866
8441
426
62
6
4120
52744
558799
684
695620
7704
190
5556
16
7952
545
7081
11237
57424
5262
17
204
33
76
8314
470
90063
8341
3888
72
6674
325693
5332
23
86669
70
5650
7301
5133
338739
4250
356
1322
14202
29
1781
5433
2
7
5
86768
834
92809
78
1407
50
444
81
4796
2182
83823
2598
281
91889
1787
27
1022
5729
89
904157
434
188
115266
5653
83513
4839
61292
7031
2781
86
15824
94423
4028
9
2922
4
9959
6207
29505
13766
9826
6
80
50
32
14
51894
6654
721
5418
83179
463
2133
50615
4269
3
690
2415
3108
3646
48
5
18584
963121
1310
86776
387434
209
691940
1010
235
1372
1201
777207
39
9637
7449
611
83658
7628
3691
65
38
43633
30436
51
99669
2520
596
241
448
4937
67
45039
44144
358
74801
215277
712
505
1754
60718
43
96073
50604
563
31
87
1744
77964
4563
5266
86914
3912
1772
90562
4406
84235
65
4
37
14020
490
357
9679
6162
623
8344
1472
32
3259
7830
86212
62
6054
98
35258
6327
4350
49874
39
89179
9204
77410
60582
62571
4530
47249
13948
59
15
37398
6380
7423
8
91650
2620
1559
89375
16
4983
731
87485
594
3113
7351
6906
50552
9062
25430
676300
5805
9535
8575
26439
63202
5
66697
1576
30
561
8289
94304
9967
4985
4749
5481
90217
108
693
3
85948
7436
58
98
28619
54
56248
8026
655
96
9
2561
22318
69
50364
96
6384
3437
7233
70
7779
41
4226
143
383
4464
6986
6325
9986
7572
8132
9410
59
6240
8283
2650
29870
1302
1479
915
863566
15030
82
48165
1309
2108
7802
2
807
261
86085
353394
3510
63029
531975
31838
2220
91104
89
76655
45
1319
77406
16
92198
14
760
2627
74420
22238
89
7705
17444
9041
3979
277763
714
23
741
9658
9218
99
25
2152
68
52
6491
66534
42
467693
588061
91164
74202
48
278
3442
5352
60508
74472
16
997473
6610
85772
22086
6673
45866
7840
903026
55
3830
909
0
66
88
1461
4184
99333
10600
7027
26
72
775
22599
4
4686
0
1432
6911
8057
5221
24
4
15
9
9069
1177
584
784089
94836
4779
38
54922
48982
69772
8274
9935
71
1
844544
6508
20702
863
23949
2304
9255
4642
3498
2272
5
1
9635
6502
24983
5448
22806
29
27991
58
801702
9210
2328
462731
904762
9657
55
18082
4251
2698
567
880
36
68
2678
67279
82
1990
5
4
16
2344
37914
47671
67
6817
1769
18233
57
75651
18
76
5721
926374
96124
695
26356
98
79
86821
6489
84
8019
27
6733
68
9006
1619
7263
583202
2948
9253
2396
99
97
24144
9244
682
80
8587
77533
26455
85
93881
11466
1132
70537
2912
941
3842
930
29
570
286074
850256
4442
6107
513338
51918
5814
7241
198
3535
8212
464166
7001
508
87
39928
92086
4
34
15670
309204
7578
58195
764
52658
7302
88774
1482
95635
1
8684
572
501
4381
5745
46
9951
60902
9790
30
78887
841706
81902
6450
2391
528916
61336
7
7443
94673
37
1830
245
956
37163
32568
364
80473
5253
97
4119
9217
4126
27042
62291
4531
768
71
76
5349
76
403
23137
604
45628
8
2
68
74400
16
200
23882
576360
739
48
4
1470
307988
82
34723
2211
9459
3094
4848
11
1551
2860
370
9373
64702
1227
4
39
3821
81507
8
8712
68
132
685
32410
9159
7054
15
45
28100
6883
5545
16127
69835
58
7
8781
80840
807789
3409
9862
2469
2632
96148
36063
1488
8076
2411
85487
16024
77795
1733
75
1998
61
85836
74244
9196
440
6299
4069
295270
50609
20478
7348
6849
15
34075
46
4528
20
86
15675
7073
42795
1304
1348
9002
12907
123386
2192
8
944
497
9470
87972
91
6041
7
7
61947
4743
26
20
8979
9704
8
8730
54681
35804
49463
3660
19335
2307
56979
479
44
832215
8262
150
9801
16902
88
68
5
8729
3893
4602
1165
13
2031
29961
56588
4155
782
69931
5013
1697
81090
1931
87497
8046
74
0
7214
9314
9492
87
49
37
48
154
957
578094
8418
74
6484
7
16780
69
85
9512
28852
1
2
6951
67622
4632
114637
60015
9540
6659
34
13
68
50129
68933
2477
3656
8920
1040
8246
32236
1707
9202
19
402
9477
99514
738
7230
28387
923086
7576
31308
85
1694
433269
752
5509
38
64
22962
8512
4776
89265
9197
1912
8674
55428
53330
2035
3277
1
79
838906
6320
28311
598
2640
447363
26
4526
634
5327
7
47
9736
48
29934
91
2011
9520
4256
42828
77588
2169
858
88
739325
5
6398
5237
615
1958
40036
2788
6356
88313
10102
32498
1736
4
92
474418
9242
90
1317
2101
6476
6724
3999
47116
36128
45
8395
3207
200169
881713
15
3622
13
34641
47711
5336
1920
410
5085
332
2098
5400
6859
11
7561
3039
54
13872
207
495239
39
0
400
309319
81625
6344
45005
82
100
87392
2073
1
41
0
69
5829
866
298
1109
39
77
29993
16724
17
7963
829
46486
3129
60026
9245
84072
62
30
63251
44939
98512
6192
20
14937
5076
167
71
8957
63
644
67596
8986
8
20
5
8758
9179
104
286
647
91
3930
67213
7334
84
7842
9720
2
5465
568
6699
79440
8876
24248
9749
183
10375
91066
87340
38653
960828
63290
34
3029
5709
69
18185
5301
97482
32508
8921
61546
531
43183
1295
48293
798
70
6815
359970
94
991
658183
39339
7417
464080
641
18989
69
88655
13263
32586
11962
994426
9172
10674
963790
4
3315
0
85757
2
3995
4768
796
6
0
34
41681
41192
19022
52875
6893
54
829887
88573
8782
8
6024
15927
32319
2537
5405
4160
15414
62407
6140
4488
69
819
458
1181
2
7426
9907
33120
420
93
8894
4695
41
41739
20535
92
25
209207
13415
80160
3
88304
68824
9818
2618
774869
60497
74856
65
31
46
792865
4830
65045
13905
39321
68
79285
7655
67215
33138
1
28
4538
0
6620
8110
5
824472
57344
250
77357
530
107
40
96
55532
78764
99886
752681
68543
70
6649
75548
38
974
5185
84
39
2423
7
11
46752
66331
612
5825
9570
76
506
4
7221
7914
4
36
4572
131762
5759
95
27988
39257
3717
2724
799
53910
6264
59637
33675
16
4225
462003
89172
2903
452888
994
0
5771
2308
29
247370
81795
73
31
99
176425
45465
53
13495
5791
4
0
4198
84
52233
64221
32
85
11564
1307
968
857
7439
53
12
96342
3
9974
7781
8477
9030
3260
58596
29
2982
22031
2306
6463
9629
76
15
91710
26632
16
10404
79647
2762
7232
64
2680
18334
14977
10
8419
7295
48
2936
81
3226
90
19
980367
2188
84
86
98119
1485
9971
90108
48403
1520
49008
24794
55681
50526
74
4362
951
31167
7286
6485
932765
9130
5914
8322
79
80
3559
987180
8904
817
0
612360
3301
8486
8463
5526
8
3229
5704
0
7255
7497
79
371
82
28
82
7370
5
4766
5616
68302
97
2
5
1332
23454
31561
7373
45407
1654
8332
7812
47745
94
8116
3
78
61
5928
59
76648
3494
28
9575
3339
87823
7024
73360
56
2611
7736
294401
2212
1876
54
22
62
35
132906
14
4505
3449
39668
244
94
1823
57012
68
509
21382
413398
92208
6830
1113
1768
6472
1
25189
71402
8191
15
266270
6226
3548
7419
66296
45171
844
5
69
73
7579
7543
26024
9536
1710
6064
33
3485
61854
3662
6452
81
1
3
1604
54477
6910
4715
665
5272
20
522
9980
5229
77578
11478
30595
60982
38556
438
757563
6614
852
4663
718
140
2820
913
30586
2955
66
89
2879
4803
617
7407
3961
0
8059
524
3983
7872
79
4020
87013
460319
92190
38323
97
97
45933
8604
71127
3755
6829
87657
397
7492
4374
450
3
43
84
7695
20
67
64255
9609
55774
880526
9341
4647
790880
952130
15475
28
359283
70
15636
4797
4730
88
10
372
3570
10
3073
89
32053
46238
505291
35
71673
15658
9943
9220
332616
9865
68
1314
629
90765
8273
7557
3212
4058
80149
14
62
46692
788519
5303
11890
8006
8519
25129
725
247
71485
1499
7738
723152
62
28107
306
3252
78
54
175604
1257
88
27592
6202
3090
6022
22223
41161
23345
96
6643
73
23210
313819
38806
533
75
732440
11756
9759
6726
93
8099
4990
40087
2096
7912
7
18
7149
73945
7737
8148
3374
67
614081
2166
3072
4649
7881
221300
645887
8
641470
16822
60490
42
528
3965
5488
15
584932
62
32
7061
23
5925
72
62286
1388
9101
5697
97130
650
65
81
188841
2525
76374
5342
4372
4892
166
1
77319
1198
42352
49
67154
70
94128
3661
87
81
5079
580
64214
4340
613
84
78
7298
32817
56
634441
1000
11
871
2
5535
2706
406
2664
25
3414
904471
92495
339
50
6857
52409
3182
63947
89025
5737
55969
239
4370
2989
9293
8150
58804
911
8542
15501
3625
8324
1
4002
8
6868
7170
36
76
40765
56
49779
5317
29021
8690
5156
20
1891
15
46670
3518
6205
231
25
301937
1221
16505
1890
4
7938
81
26
923
263
3638
381
18333
38267
3647
657
115
61
888
369
9849
71
26122
7051
9042
6091
17
3697
8577
838321
101254
7838
5656
96236
5783
1143
8000
3868
1878
64
7425
23687
120445
3116
21
5148
86359
35
3610
174362
75461
4631
3990
897488
54714
838378
6438
8223
4552
46370
5380
1147
4791
1
8
4229
3474
58288
658
4881
7964
87
1050
9766
20
22
2300
0
715
1414
802
24617
7422
88140
2
7029
7052
37811
83
53612
188179
8836
3492
5109
10
93607
93
904
4902
5053
1301
42764
699
3324
5
9728
4793
69018
860
1386
74310
6346
40514
39357
53035
0
3589
4072
1860
1333
61414
4479
2624
8295
8821
25318
2442
3522
2
17
6058
20
855
8954
9814
24
6781
279
696
77
78951
7505
36340
90372
763
1
1069
960985
859
577
55
37
631737
6840
6353
6
679
4032
9581
28677
85821
9661
87794
1393
89918
8533
9489
3021
7385
8670
881
246
9557
288
272
54463
65
7816
3343
9539
7392
78631
6929
11176
33
3267
4379
8917
7273
3089
5746
18593
91566
25982
5455
5
44424
31791
484
86460
2744
4623
84
72453
4022
4368
4310
25687
63338
1910
68781
94938
76
868925
1673
495
9011
3581
436148
1943
781
8389
99576
13712
8995
756001
80134
76
6963
64501
4807
645
19
235128
84462
383531
38365
61
4
6
4383
5291
345479
87306
7055
85
5
39617
2359
3358
70081
5011
9
2536
524520
18898
8
41
8887
34039
80910
9947
706364
37183
70101
9664
12
28775
9272
93
7451
5431
3509
2488
18487
73340
8321
4503
50
92380
44536
3425
39
21929
35143
568298
95
54
4674
83
6406
8379
4
8
83992
6696
51957
63
8494
55139
47079
8472
10
5847
52362
4239
28
214776
827
4231
44
71699
399334
3558
664
5319
326
44646
9104
8902
3030
2
457
83264
9
5104
9804
45
67
32687
42439
9056
34825
99
445
1287
16387
8255
84860
15215
9879
25286
6184
9153
6625
23904
23256
502
61937
41395
78
7182
2060
57955
382
2353
95786
75373
7765
9064
17482
2964
6098
145423
32989
4658
576701
737
0
732914
5950
331729
9702
4978
42
3218
97620
8250
694784
148
4829
73928
53292
393
71
60475
5586
8996
944933
3204
56981
4232
262
9751
0
87
8527
244754
99388
4253
93
26647
8432
35824
9632
72
8657
6523
22
83391
7665
76
74991
5
81
7
676
44353
9315
87
8508
766
1206
4290
199584
48435
1101
720491
800695
308982
5756
9456
686657
8556
27873
873291
67702
61
8020
11
86
2854
2705
426132
82866
798754
8399
9376
56
1
40
2756
16005
2906
2519
9275
123
20
9133
883
38
160
5055
39935
32013
8376
9327
7019
882971
47850
6100
474
19684
2
394
1614
63
4135
6590
50
61052
90518
3728
4070
5918
42015
995956
704835
65610
5169
84
4051
9738
588243
79
79134
548
1
90957
40
8413
25183
4921
2
586
9471
4171
304
848
2
58950
86213
1691
75392
52
61
84761
7107
72428
30217
9701
96
78
91
72
15
2185
5027
6368
7
50782
56
70
8
8742
13512
1321
1447
6132
8235
5956
99834
83262
6939
8990
4521
78
670067
8290
58528
49611
2527
73
71862
703
9752
4739
224
5162
42
7258
87
730731
41
77555
255
48667
4073
6783
5953
3173
9240
898398
7319
66319
35
113
10
4386
503
76560
6095
33265
8
62449
70650
28597
9731
27561
4220
17
53271
62263
7461
94
79089
386
17279
1214
85307
2355
5116
431
10
163402
587
8097
84
89
38
966
499
892793
62
41451
7013
6
7243
70
3
5371
91487
41
97
67
8
388
127346
1832
500
71186
64
69
2072
26
87
9385
7473
875
57
6034
19349
48205
5440
5901
0
15207
7786
84411
75514
7
507
95072
77422
221
55430
5792
3028
2167
96
24
62198
885356
5310
56572
46
184
70
5350
5
79296
9247
26
20
15859
55
53505
65466
1548
4
38
53250
93373
86628
13
46248
23597
8736
71859
33063
8
72
9977
5926
14
1148
46
89436
8567
61
79212
92540
886847
92153
67258
3
76286
20
4560
459726
19851
8438
7
9532
4608
3
45
5662
8266
2499
7583
4912
0
9837
414
6285
5648
2913
49334
3418
3049
76
6705
9079
76150
8867
9319
84
94801
22015
36
16351
57103
8029
2190
8417
19004
93
26727
21
3883
142440
7
258
12338
97
35997
2929
50388
62
9382
85
70
5884
4083
39222
3482
3468
661
22747
8879
78
49637
3703
7050
958
67096
19320
42
85709
8013
7040
1563
7
9094
96703
2093
8383
8617
99959
89087
3850
578
43746
4259
3221
55295
1
9553
96291
8930
1141
5103
5798
5286
8388
80
37
47914
2026
3828
390
91
34248
30
36
0
2456
45
3872
8381
876924
3538
25
7773
68208
6622
3311
6880
2
28
418
87
19278
35
110
5749
21504
69
4
4101
89763
5289
24
57383
70887
64828
18
3488
9604
329434
36368
5967
6904
5695
611671
137
784816
9285
22904
82199
56
71
6143
6695
598960
38178
35
41
2721
581
9
23
86590
8884
6342
8898
7406
43215
6025
4844
76
7254
6721
94
92217
59015
16095
98
947
3404
46033
14364
30
27
41
625758
40267
64334
13
6823
58939
3298
9460
9358
15841
5382
331
892553
7683
1463
52
5
7432
3
809
5285
32577
719322
56072
74
86739
9451
7207
30
3035
6688
4819
1833
1804
13
585
116027
6565
1774
5269
6655
3517
5058
8390
15
726489
25
3050
641554
26640
18
15354
26141
56651
3
67
94
1105
471953
0
3402
5170
48
96728
9686
0
178561
3630
1166
21
48
7
9214
41
660
98244
628154
52
248
49592
55
31584
21434
9834
29896
41433
2043
4716
27
688
5114
700
977
6756
19
3922
73
3499
734485
1405
9166
163
126
8206
94698
5167
85311
5308
8817
29
9169
83555
2584
82340
83224
5004
17
2
4976
7463
5832
94
17
41426
1423
4919
19378
0
1902
4867
79908
30
21
3906
8748
35521
7648
49645
52
8661
5831
82481
14517
8036
99082
5
30808
7562
6
5554
16
3756
76
3391
26
97150
985
905
65
443
1
4216
2
7
732
1049
628
5654
9
3011
32
1044
18
7756
4194
9855
90699
5081
1208
5059
300299
81
92
5878
3
6310
23
5903
8221
3708
29234
307825
7
54
469864
3053
4237
30664
49582
196
40461
97460
43892
2042
6558
7522
34328
4733
633864
62554
28
6869
359174
68594
78122
6686
19600
23
598712
2290
51742
51575
81737
7
79
6871
75326
5312
93872
18877
2459
8891
84799
7
7619
3305
41297
5
9
5192
8775
4317
9
94
1659
1
635
327
41
1508
62
7388
47
16119
3144
24045
11
2233
300
43537
95322
6446
60720
9411
6169
386993
5651
252169
69929
24819
49690
2855
2869
2699
6121
79942
93140
39948
4164
526
5026
1013
7190
75
33525
36
1012
157
5726
3368
68
63481
9331
3621
3584
249
3540
1467
2266
51
55570
65
45
85409
20205
67
21
3726
27
9
72
95418
78535
34657
9583
1805
6078
6
9188
3219
2968
7282
78275
54751
2799
31
38
8155
26
185
5358
49794
3369
88727
6682
77307
62
1557
60507
9261
8686
85460
837
83282
7205
3048
43
35
0
558751
52028
8926
9873
6
14918
480217
5678
2920
4536
485
49
960861
8147
9495
5
763768
678201
33221
44985
95
34
17657
5846
7805
7068
24
142369
1018
2610
2453
13427
4260
92009
2892
3801
66
16800
84
5785
4
3109
62631
329
9649
937
1411
12
8707
92
79
8083
7178
69390
99376
55
65753
7636
80
31
2070
6746
0
8009
60158
94
27227
9249
4413
13
3738
10767
92
33089
2246
976
460
395
19
1977
7555
166732
8326
8
64
30359
5297
20238
26675
9878
2140
15745
2
3562
5698
6
1130
722171
78929
6
64
6796
7215
549
21558
94
52922
57078
7599
681
0
9779
63
9036
855865
2972
69576
9
82300
26
479384
80
74
6215
90854
8601
83392
491
6853
59
9298
0
25
6990
691
4510
9
6241
1
27826
7105
9526
22815
323
367
43
5567
2
3432
8
6945
5768
7
9892
44274
48084
81
2984
49
553851
2634
620
72313
523439
29853
229
5881
72299
32
978
96752
69
7293
8
4305
33084
94027
236
7612
313807
59654
7691
60
28618
1
93
2351
674995
46176
9408
9023
791451
8747
98624
78473
1820
57
86023
3
6
29546
4
70978
51
8
7647
32
725451
19201
3075
275831
4319
40943
268
72
4321
30788
98
61087
38337
270402
35838
19
140154
61049
64
72029
77
13421
10787
8128
521575
41168
6777
2526
12392
26228
38472
82547
621452
86
3668
71
18239
5365
16
886
177
4
63941
722
8924
98
88
59356
3580
872273
4042
5894
93412
6618
2058
5546
8181
8015
126267
895
4940
3160
70
3196
9381
58470
871096
90564
37250
80
21
10409
389790
71
74
72418
21
52007
79
6
53750
2905
62153
28
1951
28
5325
36224
72
70
37
33
91
2880
71062
47
225812
934600
39
3289
2606
6785
3748
3
97590
70597
7854
54
9
5449
63272
4429
42139
20837
1098
459
701485
48791
83436
7284
4641
22
4816
36551
89519
92
94600
412
482
20599
292
54713
81343
0
4100
9927
1852
3718
30515
9375
854
9537
25
3766
7421
27175
12
50043
43
39577
6311
71383
9128
94335
610
6068
98236
3620
2841
3843
76
5304
5778
4200
5594
368
47
7
12764
61055
20
112
92
1263
72394
2416
8
4591
67021
8648
98435
914
1
3782
1670
8054
80
42690
39360
30
41633
89157
74489
8922
82
3932
4637
57
64
32
5602
52383
645424
2732
6776
9117
44
651
2710
9090
57417
96707
12279
48739
47
79360
28587
226
7870
8480
94187
7590
65683
29
13406
5634
6725
98
1515
5201
2472
33
8500
2975
587494
661328
337
42268
4
1494
73
75
5
3345
31010
55800
3338
6619
508396
97
75643
579568
70
69565
65916
73413
77926
8251
6283
5283
1249
11
5764
8473
91
159
685595
50095
36
72
83828
73228
6026
40536
93
32209
1
5980
34
1628
42
6
82527
3693
91088
11554
21681
3435
48647
5252
86
1400
323063
10
573376
7902
9
407
2205
74006
88
8942
3690
2175
723
54240
58509
49421
8845
69720
3497
60
9888
19034
7307
6047
7483
59
528617
644042
4036
407292
73062
84
56
40
449
76
518604
462
5644
5677
5071
4617
90
2255
4771
20406
89857
3838
2522
46406
93580
3837
24733
3741
217230
73067
551791
1984
76
790
8229
5605
64405
2007
5850
68264
4535
41
3441
96
648
9012
6084
92
205658
56
82
4245
7
97015
63522
1785
96257
5782
20
44
88318
71
1921
4
1360
5050
92
11
919451
44
191344
89443
3571
7133
51
2910
5494
9722
66
6
1743
6195
29
7431
59
1311
6177
5540
8091
7
36117
230
36
7934
3754
8149
8393
7225
55036
83183
53176
9377
2696
2283
820
12
380
8
1067
47708
43
398
67171
1897
56799
28
28
9662
4361
898613
75
5340
1415
3745
71141
3308
7621
34304
1718
133791
86493
7554
1753
2
15817
5911
44188
2254
7
4626
8415
99102
350
32295
60
2665
53060
5933
8
15
5718
6338
9697
5
29379
80
5217
82
681262
85
77759
3
2655
97354
4651
79
9740
77
1674
7
3006
14
3263
49814
2261
4
8047
25833
59817
639
79258
11236
2861
59361
120
19
82
82
603
4917
63
9867
8115
11143
1028
84421
3477
24354
8420
283
5161
3635
39067
541
9458
8041
6096
39324
5512
65
79177
12
3765
28
43
3405
22645
39936
2256
29577
12962
1615
19964
52739
2204
50748
33
6865
99487
61
8
87
7
1709
4863
88
5744
4422
1279
6302
92
7855
4544
4265
8298
4967
0
7247
68765
0
76919
20054
8797
614
2253
439
97
102887
37
15
5441
3
52457
56746
3254
279710
42
4166
58
47542
78200
5224
7990
7767
6
9584
955851
4034
92
16
6
8184
63
69491
43
23431
10101
3626
18577
413068
75
135330
73885
194
1248
21259
834873
3
86884
7415
7
1
0
1553
684568
4611
8490
4420
9636
82
52
9380
69533
405465
9115
5741
303
1039
967496
6
12551
557
13151
27
65
73570
23376
9295
7
2723
94511
7004
508552
2877
46
7
95180
1087
70507
3
3
6151
100493
4
305
280
4428
90698
4494
1142
1426
8017
953219
1457
64227
31
48146
94
875846
56
8
7501
1195
6
95
91341
7401
9872
28849
8925
4727
3582
441658
5474
2081
946590
687
8946
1178
87359
8649
6557
89
4667
7733
37748
6428
41501
9
45
46740
48077
1121
15
30435
19543
43
6
2719
6850
32793
63181
707
64799
41
58635
704
9
41684
2805
3128
32704
31
0
1045
94843
9643
8650
94
2086
285040
5420
6456
83824
993
74918
73
91
55137
49040
453723
68163
2016
36
73459
35191
91770
3715
32572
378
8591
630291
1556
7515
6543
38865
24480
6780
5052
7645
71165
142
7936
1703
53
90468
35577
270018
333
21676
31996
18099
769
8883
73901
2902
9
77054
89782
74
174
1693
22197
95957
65454
379787
2
43330
3328
43761
4981
51044
8812
60075
31927
89950
2
20285
29774
9607
12
16370
654
74763
3216
16565
2865
6033
546
167932
72796
56926
78036
1409
8
3
791
5
2997
1988
1620
8339
62893
10
88984
27135
780
70876
4974
5633
458568
2891
8
34
7685
717
98
96351
5260
8
483
3042
601
29815
75
53
9717
42256
2570
5915
9817
673
4876
34659
3027
185629
4183
4273
37
89865
3531
1160
57
5007
37570
44
67138
2563
84
3
70
78
211670
8613
55
66
2670
18
7122
98666
25568
1
86857
3833
6093
1896
64
7303
63
756876
8288
25
72465
3839
10541
1
66
32
95
51
348560
6
149941
2210
86
1
3040
23
7884
42
67
9230
972750
84
77
1112
8239
5652
3809
41
750
3862
69
50
22
9838
331128
4678
5517
93
5414
6371
69441
69281
14727
26147
6956
52582
48767
12
35
2771
14042
1
3648
5689
870
13027
86340
4061
70
4682
7670
5223
54602
9429
17360
461287
97468
16
81
2
37448
6766
7332
1790
94
56309
2457
80
3
76451
853
3
3835
981
56877
1228
89
7951
8666
76
7606
44049
35
1032
4299
31770
9390
37
7155
188916
7376
1260
16289
963
9
12214
8307
859571
93
22
99621
82045
655468
37083
3176
5127
6944
41
90
4142
46214
37
13
1255
2890
31019
343
522807
4529
6552
44050
76094
19350
989
5929
78
16382
45
45
4
421926
5366
28862
89399
53833
8703
57545
27
87120
83
3318
773
3065
3495
7640
334
51
72
214
54218
519
87500
39460
640725
504
50705
6604
68982
88547
8692
78152
69242
9086
923464
6511
33216
912288
3
5923
85
54
37
756121
54088
3178
2
5
497703
4284
67898
9007
51036
97758
53
8735
27386
6858
4241
7642
1209
17
52537
9807
46555
4178
67
92489
7327
9134
71856
38
7
21395
9930
341097
9
27039
6297
58802
49
17719
8194
826
4
19650
44255
97431
9
4644
21747
6336
9431
88
13
367754
870586
1
44834
9291
6527
4079
942723
320
9
9711
5018
7709
7834
7571
61
3170
3
29102
84899
1404
5183
45296
81
347
5
1281
70
988
6
7548
78157
743
4621
379450
248223
21156
12649
5395
178601
94116
48719
9278
70670
67963
44
94158
38679
83
78418
30196
48688
55
411
3982
8372
3118
7322
169
394932
1474
6332
7753
6589
3
44405
8767
4994
7291
64434
9113
97
6262
51141
30003
6321
4025
466
4278
76012
2844
7882
98005
1
90550
82
3829
121009
41
75440
43234
61496
73
78241
33
5979
5257
53
90
6417
9932
62067
8634
9821
70
72
8
4683
83994
54
4738
757406
2722
24
1778
76
9028
1944
7
6405
4337
7
616
811049
91551
29998
24
84845
2381
5
3
79971
12991
37486
95
1244
2871
3551
6738
646
95
3086
6839
93925
7540
7635
94
1021
3507
4
3933
93332
2701
949219
1340
7361
74140
5370
32
40
42
5194
130
7
12
463372
4736
626278
100047
18
942783
57377
985216
9313
8112
63472
1526
9982
6
2575
56
3314
8780
80604
9232
50
125
4924
2893
2376
67254
770
8084
30
2173
3132
18
6745
1561
6049
583
1668
1377
51983
488
6993
95
20
43
96043
868
6087
51952
67
96702
906575
32
6498
87
15
9406
87961
444054
3567
2222
8524
74652
4660
4188
1770
3352
53674
3777
3284
4669
90250
4596
3719
29
7
2181
89
6312
5427
414139
92474
806388
96
266
4023
2379
80
71264
78
861
49965
1490
487
4118
23602
96
6000
48862
806
9853
515
751
85642
37422
416581
361
321
51480
56094
96300
57100
5969
79541
7
98061
8120
48
7732
45541
30465
99
20
18254
46957
53
12131
28
49
28824
93010
7475
16
11
45844
176
79
1086
24
20446
68294
6303
177207
26
19980
1292
85
9371
73
59143
14451
4393
64
80794
5606
26
4474
579
51680
3805
16285
6187
3403
71428
58460
850
3
2238
62886
2386
12468
29
2684
7097
5793
2692
7484
56217
606
53
20275
8637
14587
2668
14988
30154
2882
87
2798
1316
64022
95
25438
39
9989
4439
22
19
68
23172
4606
8
55
956667
53
7092
3658
87311
85
67198
1
44045
8669
27
3
67701
82411
2029
62473
8074
465616
8694
4506
51294
72405
3032
7518
9494
63925
74538
315
9566
72457
65746
4163
19
7369
8
64
2287
2068
14352
435355
74695
4095
7
96999
91
7893
78939
36381
64640
48
8299
0
881208
249037
5002
238
14760
21913
90
4758
1682
58
62
24
5899
63428
96
26702
97107
52
8220
76091
7495
24
82870
27391
4425
1
72
50823
206
8196
80420
8031
7663
20
62639
259
344
1996
23
2947
26
35
89
72062
56
9063
5892
0
932675
38
910
7883
3022
7
12386
58615
7239
26326
3528
7889
145
9799
560
4378
21601
53
89413
8227
179
35
6106
9
7137
8806
97344
3057
18300
44411
1802
2400
285
39304
2764
55557
5
2367
33590
74
3877
63
4369
55
2311
4551
8452
88568
36
7
3429
8
261151
3953
14
63918
50806
97
8396
5
17
92
86
4516
22971
65814
7586
25
4
722235
6233
24564
9015
29
89
91
56
60988
72593
30813
76918
98
61369
57
4720
85572
7296
636957
95
3
6280
5158
19581
4597
2114
6
811
2615
6
36295
24
44767
693948
39840
295332
69
1023
8208
1486
14
50
6668
8672
7896
301
6066
33
2288
7396
37166
75
62071
5736
24027
77055
6099
569080
6316
10
59240
48454
340
62
5576
969838
139
16547
12566
605673
6434
84
84
83
56157
7437
12
64597
7815
5008
63398
54835
85
24880
67193
6045
5763
1083
73634
63506
21492
1159
8243
71
20133
47
52523
69
85669
39
8550
455
31063
98405
29225
91
20887
8639
46
9735
99453
16
3
52
3959
99
84539
727547
19048
21
73263
6819
7521
539
6500
95
72
1922
892435
7566
4076
9399
3
40976
36
1723
29012
9348
7249
1624
1892
4071
98
3598
53118
8329
57
5
97
68839
57008
49
67347
349010
57738
58351
5
5641
9151
4430
69624
6685
8741
63
8164
21
5875
47521
91
9
85267
42927
78118
5767
3
34
7358
59859
72945
7390
67719
4960
62475
8664
57701
7184
0
197
59
152866
4
27820
33
8840
62
234324
573641
30
6
783548
91170
81
5157
31697
63092
293
95112
9
97560
84856
73224
3677
55
77591
33
40221
457274
5800
56026
19
52031
76
5
67
8574
83654
824
88
6189
26983
66
2
7785
25
45965
89
8829
97095
68032
3171
7455
6545
7226
32
94662
76
7757
2
8838
4996
4282
97257
54392
5001
7780
10
972653
1973
22280
3489
8309
27473
997
1
296738
552659
46
9
8695
96
5278
4587
131909
54402
12
4247
84016
3561
2643
42
545707
31
70239
1371
6755
60443
8256
46
80
33806
7798
6
87719
8098
35
45659
17835
433144
7769
8328
41148
7656
76081
4901
66
19168
2139
49
923781
1
62
7016
5
30
4338
73
167210
16206
69897
7150
1
3103
3189
4941
9975
23582
1568
9203
15
69526
13416
26612
6304
5487
6957
4352
7988
3565
24
1636
4306
91732
18747
83250
822524
86732
2349
8809
75564
141
776
38
3353
6231
83171
4813
1963
70
40921
54
2588
35160
55509
20811
44600
2225
5271
86
2015
18
89
1521
1070
5254
4392
3822
65
2047
76203
8252
1947
3797
486
94
8594
7689
46
3223
79
24
23793
0
61
37
1699
64647
44601
71915
1928
8966
90
71229
195
4
7739
11734
34964
81900
9858
34
931
48
4056
53792
4
5258
46
29
21830
9608
18124
2957
94
35
52425
44
30721
517
28
8337
16820
76
7700
16
61
7227
353
48026
9596
33
36
40626
16
452669
38364
76
2837
8811
955566
216
19701
9448
1
94226
79
37112
34024
44
65143
15162
1242
997052
82
5368
69
2815
81979
53926
7163
5920
24755
68719
8808
63645
7
9209
68428
44
5
7339
28450
27
8548
17701
828899
25926
7745
32
5462
89
20
17727
4643
8597
3897
78726
81290
61
93
84
64
22931
19318
103119
6
5
1391
51625
42
3251
32
89876
45002
98716
7260
4612
990933
34
3096
41
58
5646
573759
6
13
9283
2024
5
29
54
9
59470
66
35
74526
4345
4
6062
8623
64257
2404
1783
29
9351
21893
3896
6
72
492
9
66730
45
4742
2619
32
2909
86610
40081
2578
66
7605
63780
5542
4
17
68688
73814
34116
784996
99479
35170
27330
765
2810
76
5772
9592
6437
12
2476
1496
8068
9705
407472
40737
4724
2567
9725
11345
14
43180
78075
14
1469
170297
189
122547
51401
27
7216
98380
15
5533
93
7337
90
7129
4824
5458
46
9883
53985
1642
20
71246
18
671
4704
5152
626
7143
98144
5865
99880
2591
26
5288
6294
2056
50196
87
3024
5511
52385
43015
0
9147
1
18
46
8072
64512
235756
62
421154
31
12114
7292
144
20973
55929
46401
69746
27969
26
37211
945
29306
1284
4
5663
69063
85
6379
9083
56684
8799
71728
4
960108
64842
22936
86
79
3992
6123
902752
3818
20759
57
65022
3640
5676
69517
12166
680198
1863
59
58
38224
28
9454
5830
1459
76
31
2683
1847
54
797066
25
90
6015
8305
68487
5360
93303
10800
19245
4001
53764
940689
9
4645
234237
5131
81
5611
7251
67225
5117
80521
6790
9747
76891
892568
84
61201
89
5280
4367
12019
901
2864
30276
65
234
73
8984
782569
99520
17
83798
597899
6
15
6412
3529
70
53165
48792
18718
0
63
79679
392678
8028
73373
4495
867
4342
57704
55835
84
68547
2895
97321
70882
387483
39
1
663992
63630
7085
51
2153
6
67642
38499
74016
9598
9
5615
558
441
9108
27893
3
92
19215
70
7618
7811
7109
7959
3430
6
58936
44025
34849
89
38
920232
4
88988
17
2965
3834
34962
1277
80
9
19054
35617
2585
62991
7049
29871
1586
2460
2737
3174
66
88711
92
81812
3577
7487
41
44439
90
4676
372317
4050
1262
9696
7211
5691
69853
3362
808497
2885
18
8293
81
77865
27
5922
9256
65
54930
5867
8416
9806
909238
30385
2999
9
84294
949359
796039
30
778
7510
28
38834
3
86552
6989
40787
2839
13
1026
48038
62
42241
37
8
78867
16667
2846
5539
47
27028
1495
32870
52304
6006
2581
58
777112
7806
26017
65095
10
8
3688
7212
2165
32
7875
36
789104
61
6684
28788
76
98
18853
5480
152
3286
3428
7075
49
61126
259892
497103
8
8172
59030
705102
9
74
2727
7287
4499
600
8126
42
38671
8592
3
90
4970
93851
87104
30194
3962
44
46200
384
7708
1749
29
4261
1
24727
1498
4
52
45
6364
42623
97
1
70
97
2513
489
43
2930
3
41406
73
8905
89
52
26
88471
5673
3951
9560
3652
1219
6833
89
90411
17
990572
7206
9777
1612
39985
41193
52
44014
9812
25169
1298
98400
6069
3813
62999
6
32165
477596
947613
5
19172
5574
7404
98
31234
812
76
3220
41
41897
94393
17711
3533
9987
11
69631
7887
69
69775
36
77622
1829
7986
297
4468
9047
5862
84941
9145
73
99237
47242
3867
5770
3396
9144
4509
3002
67
744
1780
71
91
6969
64794
62845
5840
1622
480
87592
98798
32841
33270
46
512
186
4263
7135
3824
174022
8866
63
94554
60
67458
99
8176
184514
48709
8
59014
3771
80985
9099
36
34918
9446
55302
8
15
9485
15
54
861679
28406
5686
15
3836
97
541410
30
97062
98181
1097
95
4277
146
608
6548
427479
5522
1717
4463
6636
7652
19301
918
7650
7664
677
775624
9438
6460
74951
1611
1712
77126
4947
4421
32942
36491
54954
963572
8551
61253
40547
31894
28049
3
6435
84334
27357
89557
96992
7
54
7217
44
575365
4
47
35
9
14387
8859
61
865546
79
874946
3936
41928
3
58
16574
42238
5563
85
65922
201494
1739
5478
924
6
1987
9748
6104
87891
26177
11051
1
39190
8197
4942
4903
36
97137
0
82493
266613
20194
63
16
1948
53
0
69863
42
58520
7625
12758
43
44
63176
4008
85062
70174
48
0
86
72057
9964
3
8688
3811
12450
5627
6563
90561
78603
56744
50228
28316
38839
61210
65
2001
8
8405
87
5195
1853
793
84
3871
83505
14574
599172
79840
2245
47418
4254
8807
5760
235726
72371
37245
5
9519
73500
37
66071
3950
96
98
9955
3909
82
252331
35
47751
2
57
7121
70
97112
294725
93
51913
79203
73135
4659
918915
47
774881
2517
5187
8907
44936
43270
84
80
7725
3991
70
92112
4
44314
90
75
7113
37
218592
7
2004
12877
19560
79
20679
97
4752
52998
5762
73
2020
8449
4149
39
4471
9416
27759
6197
33
65
6126
64
697665
17
80
33409
5618
97
243
2645
91960
21
45
52
63
45138
83588
6555
214886
751932
62943
96589
92598
52
55
62
36465
91810
19
2
27450
4962
77
589
82193
54497
8458
45480
75067
85305
5984
449083
6539
14494
6305
5356
4
34191
8700
75
35983
20
40
205671
16
65851
82
3541
90
9630
78158
8357
1375
261339
276201
65742
49100
4124
57482
836
39841
62
1757
7942
60284
57
3466
49972
9353
20071
14
18063
62
1081
35429
777
25141
5213
65856
25072
23
5188
81
95647
7142
39792
1
2227
7992
5446
1867
654957
96785
2897
99776
78397
8267
3224
17950
96533
57
73
40
78993
2738
5649
82
88055
23717
7839
8971
83
4366
7723
47
64
49
33150
69
8219
48753
5955
79
50
4700
41704
29
2560
58
7932
54
4081
2465
35999
6537
68
7
569
3060
8
82
7256
88357
8518
488345
52030
62
42983
5066
35016
39
5134
9524
4932
696403
3493
4210
57
2177
94
3
15750
15836
86969
56203
10332
9845
198538
9698
33365
4
4543
7876
2641
14
99
95
211
1
8740
66
64
9430
648871
9733
13
612570
8993
11669
67094
45710
10593
82
78
9985
9299
6639
2273
156
4382
39711
72761
60
84
92
81760
55
9478
94
5513
57293
2660
2702
53888
4
26
95
54009
77
11
799764
98
152662
65
7048
50679
8437
3560
35647
89
81
52428
8366
47
25480
8476
88340
36029
9530
0
5753
2907
39916
842
2448
4215
53
5138
16710
28
79815
90882
8123
631
7006
1581
42362
628527
7022
98
2039
75
6016
67
6966
88
526838
20
86
48
9370
91
4355
34411
2873
25
30734
44517
84
25
14
5732
37321
910691
65627
5774
90
68050
9266
192061
44596
91536
1
76895
1737
320452
9
464
27045
55795
2829
7817
0
5251
25544
57
2340
930038
84
57266
5
2
17931
7
99698
3081
1701
2271
84
298680
13277
31484
7310
1137
7899
6479
3942
12371
1493
62439
84893
51431
6988
224968
5147
86
78
798848
24909
4620
5597
34
58412
1824
30
99
2408
76764
80
18509
83
65484
11054
39372
8768
88195
1650
19323
10
13
544350
79448
92279
9854
59
29581
3
8
9290
3476
43010
6515
96
950800
1297
3
5416
9948
6882
443741
2392
6949
4222
3026
89462
6234
99385
6959
58454
24048
601716
78851
68
91189
14838
89511
973
4883
1155
9587
81776
75439
743224
8709
40
58719
4121
8078
23
99604
33954
25010
364134
9198
80
93
84
686
60913
1952
11369
1541
96
19223
1055
7489
44
5995
98964
9257
20892
73957
78
84018
43943
1238
78
68
64235
5
7527
0
36
48
28
54071
89981
6109
95
92563
75139
93402
9998
88220
84
57541
78
2202
6322
61166
2372
5
2398
6561
25
88
89
739861
37
81524
85
7044
33
379080
9513
3421
542504
8
4711
8065
428
55963
817473
26808
67
86458
97583
740126
9797
9
8
957773
4
4
51102
44212
11
8182
79022
50826
5679
96
73362
60803
7
8517
18499
67294
3857
928770
85
89
7414
65
9961
36062
1052
20
8
57943
95
9919
71196
1236
75
6465
6
1385
926
6
4411
41396
4784
63438
4145
53
5244
86
36
55230
16752
6967
75396
35883
93389
9308
17048
22
2
53593
77
4588
3
83
59
72455
535
35180
71536
6410
1907
46579
8
68061
6808
85
50426
7088
8598
17782
95
25832
7185
62276
5573
4556
38712
65
36
59
24
24
17378
2969
55
6475
98289
66
357276
3
21
68
22
3816
13850
64
64699
62993
9
1967
6507
3761
83094
57
8530
55
4934
2106
6670
91
28743
53011
656
89225
8446
78
92
70
2159
30
5
232253
70344
4179
1090
9621
62686
66
6901
59442
4
25
7328
45870
82
21
71
513173
51737
1396
315471
2325
22155
895918
5
55
815
85843
210
51688
804133
57
310
4948
4913
323515
9404
6250
8443
676215
43
2230
97
9271
7457
57
31101
81
9
1336
55015
8615
681160
22
139234
1430
70
8733
7168
6661
8
952877
20883
95592
3484
83
24
3767
62
2461
432
14464
5043
6797
61338
31037
25341
36756
34335
9716
4
2675
6576
66
1289
30547
14617
20
63
7847
43816
74778
97729
0
50574
3270
605580
1827
6020
7955
76502
33334
311916
4926
4165
55976
561437
79704
4
28321
46135
0
40355
96896
0
9026
18382
65106
4343
39298
37
52844
10676
5075
9890
4653
7580
14786
85566
6524
4391
34806
17908
4158
76628
801325
2617
4
730564
20
7895
1245
7130
3749
216741
6977
95
8238
9
5944
44
935952
6550
3
510286
86
574295
51
51345
13446
47
4801
5064
9087
46273
24889
80
70
51
75116
30549
53
3373
39
25
79
421235
8918
16
8
7
80
45752
8753
1523
834732
86250
33
3279
34533
7192
5249
2
24339
95708
4872
2491
4410
63
3
8261
95611
25678
81119
1645
84
98582
6269
1500
75
44206
593225
73
4973
40356
7041
3326
95287
76266
744007
5497
2187
88294
944783
98462
68
72596
7308
2816
7
36
8702
3287
5669
27
884175
1
1618
22
9931
35417
2666
2077
43
9233
4156
62374
4689
12159
47120
59718
62
772004
2849
13340
4181
15734
97724
79477
6896
718989
6526
120774
9617
35987
21325
742
18598
967
78698
9843
3549
82872
6148
304440
96039
43549
8765
8
327208
99509
31
7238
4
12
668
5
73
60
650951
22140
33
5351
4782
803
458896
1126
217406
34494
1334
2334
74718
4300
0
46
40162
88150
40157
697
36
25560
531212
34009
3746
71
12
97888
20
4925
55909
30
14
693655
47
3901
29469
8108
55
20274
2766
93175
5083
92556
529
86937
78593
4982
39
5
8
52760
13
69837
698074
399422
3607
9
37180
83
1
54
5452
13
1759
27275
3114
7202
95
85
19033
5887
5963
59792
392
64947
2401
33862
28371
9
1578
98265
8430
34175
18993
80
22727
66500
63069
1501
99231
2122
15
425
56
5904
90
7359
50
84148
1767
32414
82689
710746
34268
8470
4777
75
4661
70
62197
35
2466
80
18
23
516
65942
7164
288846
49
18009
54060
3740
13
1419
70784
4159
58
5
645631
9627
72
2160
27156
2111
71755
5971
4931
37
8882
83100
7317
3186
0
3687
34
44
3467
8668
94
25664
15
8226
63
60
767767
44
8793
49554
71212
9057
3573
4
3
33248
1460
3462
95338
7945
52533
341
97
7
2239
2346
42806
7237
71146
890
6083
55823
8875
199039
3366
31257
7682
82450
78
44
30534
97776
49
3615
85776
7933
13
68
2023
70166
6919
3335
85
32
3947
67114
52
2
13788
8565
8642
76
54771
564
60
94
6019
5812
830459
130521
84
4331
45
67
8909
39
12821
96725
30
7748
4840
67012
99878
8
2345
9116
76632
81
24
4197
9744
4329
85
35
82662
30862
35747
5632
86519
41417
11
6048
69331
14343
97699
71770
242
9254
58182
4139
76
45437
557251
7357
28013
1002
79088
205272
28747
11998
3
97493
97635
47
31324
43
7047
9092
2164
64
9152
81
70
45
1240
8244
75457
848195
3452
33919
983646
9
2552
51857
7343
26
8257
8578
65485
11
9484
87
53748
51
57990
99876
7794
6
3618
23
1
35480
294
3487
88591
25
481076
5381
6887
7
2
3
0
7123
6997
8865
4685
180
84077
82
59109
56
2735
5
97262
566
5501
20
96040
60
4015
6676
85383
26693
7835
2242
16730
17
8983
57712
30737
92
16656
39898
655115
7095
13
4348
48572
46
16655
93211
36222
841990
10
332027
85235
92036
2911
62
8862
129
4140
1
9072
5947
95215
24
567413
1980
17
636
5993
20615
12
72463
39620
38
26
6306
26742
6
5
8
98
12
81362
20009
1145
24614
12882
9262
22641
3203
76758
25146
3
5100
55448
3775
54801
9212
58
5102
50
34
64
2236
8798
45
9
81281
4537
21193
1325
496744
7
39
66946
69729
3100
447458
58
44486
228
23
67142
383079
5568
309354
23
3768
1899
75473
2119
7151
9119
81530
48199
35
8928
6212
813
11731
309075
7679
431665
771
23
486885
7167
3
94237
89751
31
7481
63808
2928
9332
73313
9059
7380
45789
11868
7749
75531
20633
685018
632693
63
1935
50
4394
2314
36116
435
38
88
6466
6
2241
41971
6704
3602
56162
13
10
79
11
7783
9307
6388
91
13
5827
8168
2
20
51206
1
9620
2113
5811
41
32411
81
48
5587
2
20996
3
94
58732
93
56
4
31162
344953
64621
8077
3599
34639
37757
81
6588
5200
2
3534
650909
96129
39
71884
88842
5209
98418
77634
1807
3851
10745
7504
52224
64
68
41544
1531
9910
92105
28
311900
13
70673
35916
42
1831
54164
39337
8410
87
4
80331
5968
77
7581
55108
8231
639524
16
24
32
3545
1471
4783
838
10
27849
93273
3023
40
32926
51
3714
8014
7567
5
63733
56367
78
9
1
86373
81
10
89
5393
237870
3
47
33763
838162
709
90773
48
23
89
99496
5
83
533040
43
76
32897
68152
2102
99424
8487
481956
628860
8483
6
22153
879930
86
7999
62092
669328
82
9783
82550
98242
89616
538170
2
86468
31
9065
44
34158
63079
1
4204
4115
51890
56342
4405
82
20
51
26
17
75
43
5456
733439
25845
92702
9798
15
10027
62500
64150
93584
1
39
5
4433
841918
27
29
36
9
28376
692147
2586
6516
1587
81
62794
20196
64
7772
99747
804410
25
7832
9394
12968
3376
5376
4906
6128
3
6632
45567
1060
623295
2435
90850
76
22474
2716
59
39233
307298
253
48116
14991
33122
8217
81
8145
95793
1428
55042
4984
9118
30
678991
3984
28713
20
45
1975
9488
1197
58
84
268487
6744
3704
915370
2361
