51
55186
9684
7283
7389
7172
7585
31
6943
73017
2502
46
42025
366765
134
7
8580
7954
5012
2872
9789
3384
83
5097
5667
1755
1
2753
4288
20
8356
565
880931
671246
97901
5048
6254
774
6779
787
424683
135
322
363
7763
629332
46515
53210
7479
99159
88
5855
5797
906
45
29113
11
919
2679
908
56
61809
342
18562
165
32530
7669
256
26
2
85758
3
706
571
929
2378
2364
68144
53
87
999
72
8377
1572
633
127
950
46
678
960
1256
405
342701
39046
2130
473
4831
275
759
69
4
4911
15
5670
599
121
1280
64
9828
4
2049
894
5786
401
1347
4262
49053
5537
3356
86695
95
7513
84145
8
31
74
753
7637
8792
252
1547
38460
56
7456
2402
1065
5939
7928
7534
928549
772
970
49
7189
5905
1
6
1158
10909
3989
7
1752
80
942
852204
23078
67573
943
106
2109
29497
1885
222
8509
12129
835
60408
593
77402
175
8584
8764
711
609
925
3285
8629
4075
8630
79248
76497
4790
26103
19
9555
758
1729
9778
946
642334
79103
87
94814
98963
54061
248019
45
79839
69
808
119
41
962
5305
6503
68
75
2556
5
894689
922813
9389
71392
3
62759
3
423
555
348
178
9324
8759
3790
32016
6139
67
12742
3600
3264
7931
6597
6146
97735
1938
2397
26
1410
950421
708
7775
6
59
20265
66934
1204
15
6747
8844
9497
273
430
959
8638
7528
821
257
895806
724952
64229
1542
2663
1748
8
4419
9368
317
81130
3211
447
5
1771
30590
90
1401
496428
591
10116
8
88028
4951
2348
3
38359
6924
649
51514
6784
667
83
6800
5486
15851
60
75824
78694
62098
6749
31
20724
314
17
92325
6293
4513
9019
1866
57752
7819
79594
57
40032
5722
404611
429
7394
81959
417
203
5844
29
5014
1174
690813
1672
391
2057
2138
1443
4057
9726
6243
828
7626
899
8528
40949
2040
3472
1272
97166
32
76
6387
5843
153
50
98
312
4325
52
6822
9688
2595
804
1933
789
99617
1
4029
7157
83
6188
471
1577
62297
4878
114
2787
954
55863
7341
52
52788
338
542
4553
41308
41
296
6218
8566
9058
25
544
2
80
88456
4977
1762
921
20222
8843
3231
8677
92
8166
23
47165
5715
76
83958
5337
4799
816
1421
9423
12
523
4240
5598
2546
2597
2917
78999
11
3898
2789
2095
13426
4601
15
2193
3244
525
88596
46054
213
2824
9081
8007
7289
57
8706
116
376
683
9699
27
37669
550
834901
542087
8855
4414
42861
62
52
5044
42338
5
76131
5
88
0
60419
86
13129
37729
3799
2
9344
1719
650195
13910
57
81615
173
5937
6
5972
3
8885
9
7277
2635
75
4
97058
4646
50
232
9354
276
63420
77
13
898816
52151
592
963825
9010
1652
29
478
7508
477529
5033
3701
7482
2079
385
48
1840
31835
9565
3359
4575
34243
4533
9384
85351
26
8989
2
9140
2432
320269
552
75
48
4
527
66
18
727
6
2388
18707
2
7885
7620
416
13878
96
51
198567
4998
57
210982
28220
91
66
265
9014
226438
24
5
436
8170
59
50
32608
9
972
4007
7366
984
590
3624
2412
586087
431333
3163
1278
475
1625
7082
2067
80660
43
642
6955
922
1438
42
28127
14
336
171
9514
295
4540
7372
52
94
5396
1048
884948
25103
8325
8
60
7499
8201
72
7743
7440
2900
1961
1019
274
28574
35
621
786
93347
8850
78062
6337
1519
28
53284
64114
670
663
55
7
86264
3192
13
99461
10177
939
54541
57
2208
9999
62
4
182
45080
68203
93
10935
7848
8043
42995
6549
7998
335
84
748
67663
73
2931
90193
59
69
1004
891
8467
32
2
86
58420
7384
2609
31716
4603
4452
33
31344
760947
73
6362
805
80606
41
287
96
9
551
66
7892
559
50
42
20373
6267
3453
45
3321
70
325485
5069
679371
141660
700833
82587
921943
841
43
9
66
415239
37209
2767
618
476
6478
7973
355
219
6794
9
34
4838
800
53
3700
4097
96505
54
47238
6638
4851
21
7777
2366
60
39
208
33312
14312
20
971
624
2686
746
6208
8365
54025
705
652
514875
29267
30
451
849
6341
192
30559
7276
996
3820
9550
2
4657
3530
882
0
9775
3645
698
72
44210
1324
7002
889814
41124
4049
27929
493
8964
60821
5699
30446
672
71453
68
23
35
6827
6141
264
92
217
79583
6950
30540
8948
45402
8895
2636
284
14405
36240
521
95274
69049
13424
8
3516
35
72991
44
233
1978
13456
1138
9
3735
67234
5166
93957
3779
70389
37
3617
94586
23419
3198
17025
25139
3031
172
3292
71627
595
63779
5635
2468
240
832
2136
90
419
2980
76
28
71873
7711
2354
9343
72926
46
7657
88189
808854
986
992
885
28885
3789
8936
95362
2803
818
134669
1231
6601
5184
98743
67
28
33762
6905
138267
8563
63207
7925
72
3
1554
2713
97606
3172
4957
1596
19
26342
9186
1352
2774
45105
37551
831
74
46734
70565
9392
795261
77
50
5880
6028
735
32
3694
793785
3889
9335
20423
6861
28596
8294
86790
88888
6214
56686
18
90
39
84
465
193
1001
801
8553
25990
5419
68
5024
2819
1859
30
7365
9676
5692
52920
2783
33167
7311
51422
66029
67623
33821
51359
53031
638
3111
7918
56554
83
846
982888
84
863489
73505
969
362
50709
607
8958
532
4333
7
740
1982
8656
7
3676
5725
3949
955
64
2866
89966
8906
375
2932
5145
370263
0
4080
902
8425
9767
15390
50778
1122
32775
251
96698
659
68197
9568
26351
5373
44
7975
84296
99
57976
9707
595331
674
543
48657
63
31
3682
59
9
128
35
48780
5404
18741
3878
22631
1275
73812
7026
952
14
8459
8
36
7687
940
64
55
6
1100
22221
4213
746263
25
61455
155
9170
865
111
271
117
260
7774
2573
8198
5
1417
67
33403
40
84347
85
8158
70257
29722
62
30553
2485
87237
25996
86
814
187
182302
267
8896
1365
289
86
9654
24221
95150
25
5409
363149
7007
7859
16299
71
41428
71014
74210
9365
9
24241
7119
4
7690
18619
9543
35145
2263
754
427
92
38
360
56
5
29
1773
69317
270
8034
833
93456
118
352
92
7926
17
76797
425839
9164
0
92338
4751
3051
37
3151
42
6
4
936
9934
7697
554
1030
32625
9297
879
274947
80
20
4672
202
69619
66
49159
575
9421
91387
64
19
31
9013
1627
66893
95
51377
514
4
9352
6767
9690
3650
8263
366
50465
5
87889
2413
7809
4066
9851
79992
6863
65
37
0
5264
97
878
20
6818
51535
467
6301
30275
5
5836
269
5642
41398
50
6624
1
2075
8122
63
25863
825
35
2914
72164
9435
98484
8103
4270
7134
7593
93436
652539
36
92
7507
839
537
5852
38
5941
15
27
67156
36
689
5702
311
6381
1270
5361
9364
2769
8498
946062
843
17808
2
4991
19
77066
51
330
67
7533
43653
34484
7379
80
1740
28
7213
413827
105
7706
887
22
21
6366
88365
562
396
961
42644
7140
30807
724
85085
6517
74659
983
5674
153538
39658
8
68
486315
9660
792
74
8276
79412
556
9
354
1850
4371
3804
493243
785
81429
830
2129
7
290
3873
1194
1994
6680
5490
25764
75470
71081
9969
1537
8869
20398
1103
68616
2941
60
9476
5468
8999
3306
6323
6964
41120
61
49881
5402
1184
70075
734
44
6330
54466
920
80162
48
16
4298
33338
3557
22
3080
99267
534
19947
1233
51
31686
81018
3
75
6878
9730
605
15
1545
3998
44
29
6
510
6826
573
309
70374
3458
553
8285
86597
66
7442
36571
201
2709
933
79
1073
89566
281267
61184
53366
95
3313
2226
1104
94
497570
44535
797
25013
9021
4281
8606
133
70883
33088
747
41762
2368
728
74218
1349
40
74
30661
8710
91534
4162
873
1814
28018
45064
39907
56
4765
38
72
66595
377
912
54
691762
8641
1487
5470
38379
76181
35702
680
349
61
88049
51
7827
3304
4969
8300
90
5734
7673
277
8360
96
3604
7678
627
48883
756
227
1
35
808179
2105
5092
9
29714
0
9100
2576
16221
86
138
547
18894
12873
4335
1102
50266
28
8424
44
58647
20413
4900
9103
80500
9162
64945
8698
3000
456
6975
8310
35913
6404
733
8737
164
78443
7053
71553
720
9049
4137
3844
32101
76
161
77187
2797
14536
6592
6728
607140
205
1276
9
6930
990
55
826147
87709
657760
5101
5123
1043
75
68010
49270
1609
6
40698
27
413
37769
7662
4
55
82077
99964
897
2158
513
9727
928
3744
71
779
5411
553771
68777
4248
1877
5434
122673
9898
60
18515
389
97
168
78729
54784
979
19595
3870
7575
2
608156
94
2648
233244
4805
18882
38199
5
823
3608
898
982
4189
45439
4
8
7674
6086
1106
91
95593
5
810275
5025
5834
61321
45
35
59
346
2310
851
55803
4052
6836
576
77
2813
45477
1150
6046
2033
938
8
0
3043
702
161452
2708
19
90454
57810
2
5122
7568
27943
11
4316
990908
47270
47
7791
5375
3994
181
6678
4
472
6691
103
3158
6275
7759
5580
75
14
19157
8849
139676
4968
518
3798
50274
72530
8479
24158
2124
35
10348
60
481
82166
8073
38
1
964
7120
38885
29226
239196
4346
729
86653
3
932
6079
726028
3110
7813
5693
292174
1536
3968
5671
82744
7245
1014
662
1825
7318
6600
82551
4855
55839
65
8525
365
762
20812
4
6291
30513
3145
15115
757
28
13893
90
47654
68077
8787
903
323346
9360
44
6382
8375
28168
6575
3858
92
50
53713
2
7512
22
41945
47024
8778
50795
840
8027
784
325
4
52160
6886
864
4481
2407
1025
8096
15696
38
9296
51
9001
962009
241810
795
99
800903
26
892
26467
7846
2731
17443
49018
2
7660
3729
50
399
2662
0
48
7
1096
2171
19071
4773
12266
6995
6008
88738
40669
7036
315856
149
158
862
1119
619
6052
7428
845
44716
31
916
3054
54090
1730
8846
7340
64111
4
57459
3003
61
1091
991127
240998
528983
1453
74401
876
83420
7788
10
92621
9656
468
86141
69
648743
12820
52100
92908
59853
82
13
57470
94068
884
7072
726
9418
191
477
88
4484
80
5
9444
69
8888
7960
7089
237
109
88985
452
26
49572
161654
98
54
86
701
767
377276
5960
3071
29657
6791
70
26
1
8665
9437
9887
8646
14
2794
5
60
38458
215068
7
9713
22
8053
422
0
68
86055
3268
69849
409
52212
9
9208
65
50753
80557
9723
937799
9311
7125
76324
893
9097
13
694
5
4
1133
57
99569
7218
27
46721
79
36390
63
965
2630
30
16
49802
9075
4886
90919
7734
713
6343
6553
54428
1215
970415
55415
653
374
6824
461
789307
16421
4334
7
345
13
637
4954
3454
65966
63800
4714
2127
162503
9102
74940
80629
27306
365201
3852
48121
810
7169
8614
290944
53
949
8746
129458
5620
33176
3386
38
9277
46
34
359
7
54
1639
5460
64
2607
120194
408
58
7768
0
538
33955
477216
21
85007
263538
4201
12
6125
775338
2669
38
92953
11316
26715
12033
53
9874
58344
67
97221
1939
869
91
97
5182
98811
35
8
1163
318
2990
24084
260753
6832
415
36395
7511
50784
30604
1258
6
57
9610
9694
83
8599
73648
0
316
4731
4211
5199
319
2178
5538
57
3127
772283
50
3232
63
302
755
90
3018
55663
7290
54
4741
11773
67
496
773669
920051
6736
101
4376
532683
2199
79
5204
48020
37
9258
59
9885
46
78
3465
29708
18
5664
2850
9
0
9760
4
822
0
36757
712281
74121
4549
215
1911
29720
3722
48030
61345
13
681522
9414
5717
6203
5997
63135
698239
2207
1889
7469
710
7
450723
602
97673
8754
5
9302
77582
48576
74984
2374
97842
2194
69166
582948
2626
18700
78353
66
18231
1711
7631
52125
96423
67165
7413
379
41
88
4668
22677
872
131
975
199
9
4523
0
54444
588
6175
404
25
3
51813
2974
324
9388
9869
4949
2305
4470
4826
9992
1698
3523
1851
6
6720
1
48999
74919
2329
49
44650
640
34011
4764
77
4740
122
225
494
6838
622
6935
77
1854
2251
75818
69
1727
907
71
5
295570
11
719151
307
10458
12380
8179
7845
41834
25
2886
9
6
40
62
19663
8
4332
3902
76631
28
13696
85791
632
7360
65
17
76191
59562
36767
1901
53776
5498
1114
159693
25128
39
735557
6216
4013
6383
2500
9318
82
934
3370
8771
79
9443
9613
6729
8442
5896
65
9
1
93
0
8485
8757
8974
15315
9216
2430
88825
265593
3319
732636
96
55017
22
77626
995
92
351
58162
8602
2490
8927
9432
94
874
282
1
896
7467
20
5445
6345
974043
9942
2908
291
62593
8398
1
6647
55
40
847
74
3710
46
8156
22
42108
9289
86102
878223
7162
7814
8436
4026
2303
373
39
8193
7950
692
358834
31
4114
8561
66099
68
2530
71605
17971
2451
1632
60
9243
7911
5051
81
643
6570
8
7659
7702
15714
45786
36
2216
783
720721
3406
8162
2240
8683
49
9051
5045
37949
63690
86573
58522
5
8335
85078
16
2292
3985
5758
73
3907
5631
71190
5613
9265
2651
62
34
5659
223
749
13
4625
6763
8805
5
703529
994897
2373
4062
26065
3283
5239
17124
89
17473
88
48291
905699
31
5000
84
9808
882416
987
28
53
6559
7350
8
6272
56151
3152
3457
3866
8441
426
62
6
4120
52744
558799
684
695620
7704
190
5556
16
7952
545
7081
11237
57424
5262
17
204
33
76
8314
470
90063
8341
3888
72
6674
325693
5332
23
86669
70
5650
7301
5133
338739
4250
356
1322
14202
29
1781
5433
2
7
5
86768
834
92809
78
1407
50
444
81
4796
2182
83823
2598
281
91889
1787
27
1022
5729
89
904157
434
188
115266
5653
83513
4839
61292
7031
2781
86
15824
94423
4028
9
2922
4
9959
6207
29505
13766
9826
6
80
50
32
14
51894
6654
721
5418
83179
463
2133
50615
4269
3
690
2415
3108
3646
48
5
18584
963121
1310
86776
387434
209
691940
1010
235
1372
1201
777207
39
9637
7449
611
83658
7628
3691
65
38
43633
30436
51
99669
2520
596
241
448
4937
67
45039
44144
358
74801
215277
712
505
1754
60718
43
96073
50604
563
31
87
1744
77964
4563
5266
86914
3912
1772
90562
4406
84235
65
4
37
14020
490
357
9679
6162
623
8344
1472
32
3259
7830
86212
62
6054
98
35258
6327
4350
49874
39
89179
9204
77410
60582
62571
4530
47249
13948
59
15
37398
6380
7423
8
91650
2620
1559
89375
16
4983
731
87485
594
3113
7351
6906
50552
9062
25430
676300
5805
9535
8575
26439
63202
5
66697
1576
30
561
8289
94304
9967
4985
4749
5481
90217
108
693
3
85948
7436
58
98
28619
54
56248
8026
655
96
9
2561
22318
69
50364
96
6384
3437
7233
70
7779
41
4226
143
383
4464
6986
6325
9986
7572
8132
9410
59
6240
8283
2650
29870
1302
1479
915
863566
15030
82
48165
1309
2108
7802
2
807
261
86085
353394
3510
63029
531975
31838
2220
91104
89
76655
45
1319
77406
16
92198
14
760
2627
74420
22238
89
7705
17444
9041
3979
277763
714
23
741
9658
9218
99
25
2152
68
52
6491
66534
42
467693
588061
91164
74202
48
278
3442
5352
60508
74472
16
997473
6610
85772
22086
6673
45866
7840
903026
55
3830
909
0
66
88
1461
4184
99333
10600
7027
26
72
775
22599
4
4686
0
1432
6911
8057
5221
24
4
15
9
9069
1177
584
784089
94836
4779
38
54922
48982
69772
8274
9935
71
1
844544
6508
20702
863
23949
2304
9255
4642
3498
2272
5
1
9635
6502
24983
5448
22806
29
27991
58
801702
9210
2328
462731
904762
9657
55
18082
4251
2698
567
880
36
68
2678
67279
82
1990
5
4
16
2344
37914
47671
67
6817
1769
18233
57
75651
18
76
5721
926374
96124
695
26356
98
79
86821
6489
84
8019
27
6733
68
9006
1619
7263
583202
2948
9253
2396
99
97
24144
9244
682
80
8587
77533
26455
85
93881
11466
1132
70537
2912
941
3842
930
29
570
286074
850256
4442
6107
513338
51918
5814
7241
198
3535
8212
464166
7001
508
87
39928
92086
4
34
15670
309204
7578
58195
764
52658
7302
88774
1482
95635
1
8684
572
501
4381
5745
46
9951
60902
9790
30
78887
841706
81902
6450
2391
528916
61336
7
7443
94673
37
1830
245
956
37163
32568
364
80473
5253
97
4119
9217
4126
27042
62291
4531
768
71
76
5349
76
403
23137
604
45628
8
2
68
74400
16
200
23882
576360
739
48
4
1470
307988
82
34723
2211
9459
3094
4848
11
1551
2860
370
9373
64702
1227
4
39
3821
81507
8
8712
68
132
685
32410
9159
7054
15
45
28100
6883
5545
16127
69835
58
7
8781
80840
807789
3409
9862
2469
2632
96148
36063
1488
8076
2411
85487
16024
77795
1733
75
1998
61
85836
74244
9196
440
6299
4069
295270
50609
20478
7348
6849
15
34075
46
4528
20
86
15675
7073
42795
1304
1348
9002
12907
123386
2192
8
944
497
9470
87972
91
6041
7
7
61947
4743
26
20
8979
9704
8
8730
54681
35804
49463
3660
19335
2307
56979
479
44
832215
8262
150
9801
16902
88
68
5
8729
3893
4602
1165
13
2031
29961
56588
4155
782
69931
5013
1697
81090
1931
87497
8046
74
0
7214
9314
9492
87
49
37
48
154
957
578094
8418
74
6484
7
16780
69
85
9512
28852
1
2
6951
67622
4632
114637
60015
9540
6659
34
13
68
50129
68933
2477
3656
8920
1040
8246
32236
1707
9202
19
402
9477
99514
738
7230
28387
923086
7576
31308
85
1694
433269
752
5509
38
64
22962
8512
4776
89265
9197
1912
8674
55428
53330
2035
3277
1
79
838906
6320
28311
598
2640
447363
26
4526
634
5327
7
47
9736
48
29934
91
2011
9520
4256
42828
77588
2169
858
88
739325
5
6398
5237
615
1958
40036
2788
6356
88313
10102
32498
1736
4
92
474418
9242
90
1317
2101
6476
6724
3999
47116
36128
45
8395
3207
200169
881713
15
3622
13
34641
47711
5336
1920
410
5085
332
2098
5400
6859
11
7561
3039
54
13872
207
495239
39
0
400
309319
81625
6344
45005
82
100
87392
2073
1
41
0
69
5829
866
298
1109
39
77
29993
16724
17
7963
829
46486
3129
60026
9245
84072
62
30
63251
44939
98512
6192
20
14937
5076
167
71
8957
63
644
67596
8986
8
20
5
8758
9179
104
286
647
91
3930
67213
7334
84
7842
9720
2
5465
568
6699
79440
8876
24248
9749
183
10375
91066
87340
38653
960828
63290
34
3029
5709
69
18185
5301
97482
32508
8921
61546
531
43183
1295
48293
798
70
6815
359970
94
991
658183
39339
7417
464080
641
18989
69
88655
13263
32586
11962
994426
9172
10674
963790
4
3315
0
85757
2
3995
4768
796
6
0
34
41681
41192
19022
52875
6893
54
829887
88573
8782
8
6024
15927
32319
2537
5405
4160
15414
62407
6140
4488
69
819
458
1181
2
7426
9907
33120
420
93
8894
4695
41
41739
20535
92
25
209207
13415
80160
3
88304
68824
9818
2618
774869
60497
74856
65
31
46
792865
4830
65045
13905
39321
68
79285
7655
67215
33138
1
28
4538
0
6620
8110
5
824472
57344
250
77357
530
107
40
96
55532
78764
99886
752681
68543
70
6649
75548
38
974
5185
84
39
2423
7
11
46752
66331
612
5825
9570
76
506
4
7221
7914
4
36
4572
131762
5759
95
27988
39257
3717
2724
799
53910
6264
59637
33675
16
4225
462003
89172
2903
452888
994
0
5771
2308
29
247370
81795
73
31
99
176425
45465
53
13495
5791
4
0
4198
84
52233
64221
32
85
11564
1307
968
857
7439
53
12
96342
3
9974
7781
8477
9030
3260
58596
29
2982
22031
2306
6463
9629
76
15
91710
26632
16
10404
79647
2762
7232
64
2680
18334
14977
10
8419
7295
48
2936
81
3226
90
19
980367
2188
84
86
98119
1485
9971
90108
48403
1520
49008
24794
55681
50526
74
4362
951
31167
7286
6485
932765
9130
5914
8322
79
80
3559
987180
8904
817
0
612360
3301
8486
8463
5526
8
3229
5704
0
7255
7497
79
371
82
28
82
7370
5
4766
5616
68302
97
2
5
1332
23454
31561
7373
45407
1654
8332
7812
47745
94
8116
3
78
61
5928
59
76648
3494
28
9575
3339
87823
7024
73360
56
2611
7736
294401
2212
1876
54
22
62
35
132906
14
4505
3449
39668
244
94
1823
57012
68
509
21382
413398
92208
6830
1113
1768
6472
1
25189
71402
8191
15
266270
6226
3548
7419
66296
45171
844
5
69
73
7579
7543
26024
9536
1710
6064
33
3485
61854
3662
6452
81
1
3
1604
54477
6910
4715
665
5272
20
522
9980
5229
77578
11478
30595
60982
38556
438
757563
6614
852
4663
718
140
2820
913
30586
2955
66
89
2879
4803
617
7407
3961
0
8059
524
3983
7872
79
4020
87013
460319
92190
38323
97
97
45933
8604
71127
3755
6829
87657
397
7492
4374
450
3
43
84
7695
20
67
64255
9609
55774
880526
9341
4647
790880
952130
15475
28
359283
70
15636
4797
4730
88
10
372
3570
10
3073
89
32053
46238
505291
35
71673
15658
9943
9220
332616
9865
68
1314
629
90765
8273
7557
3212
4058
80149
14
62
46692
788519
5303
11890
8006
8519
25129
725
247
71485
1499
7738
723152
62
28107
306
3252
78
54
175604
1257
88
27592
6202
3090
6022
22223
41161
23345
96
6643
73
23210
313819
38806
533
75
732440
11756
9759
6726
93
8099
4990
40087
2096
7912
7
18
7149
73945
7737
8148
3374
67
614081
2166
3072
4649
7881
221300
645887
8
641470
16822
60490
42
528
3965
5488
15
584932
62
32
7061
23
5925
72
62286
1388
9101
5697
97130
650
65
81
188841
2525
76374
5342
4372
4892
166
1
77319
1198
42352
49
67154
70
94128
3661
87
81
5079
580
64214
4340
613
84
78
7298
32817
56
634441
1000
11
871
2
5535
2706
406
2664
25
3414
904471
92495
339
50
6857
52409
3182
63947
89025
5737
55969
239
4370
2989
9293
8150
58804
911
8542
15501
3625
8324
1
4002
8
6868
7170
36
76
40765
56
49779
5317
29021
8690
5156
20
1891
15
46670
3518
6205
231
25
301937
1221
16505
1890
4
7938
81
26
923
263
3638
381
18333
38267
3647
657
115
61
888
369
9849
71
26122
7051
9042
6091
17
3697
8577
838321
101254
7838
5656
96236
5783
1143
8000
3868
1878
64
7425
23687
120445
3116
21
5148
86359
35
3610
174362
75461
4631
3990
897488
54714
838378
6438
8223
4552
46370
5380
1147
4791
1
8
4229
3474
58288
658
4881
7964
87
1050
9766
20
22
2300
0
715
1414
802
24617
7422
88140
2
7029
7052
37811
83
53612
188179
8836
3492
5109
10
93607
93
904
4902
5053
1301
42764
699
3324
5
9728
4793
69018
860
1386
74310
6346
40514
39357
53035
0
3589
4072
1860
1333
61414
4479
2624
8295
8821
25318
2442
3522
2
17
6058
20
855
8954
9814
24
6781
279
696
77
78951
7505
36340
90372
763
1
1069
960985
859
577
55
37
631737
6840
6353
6
679
4032
9581
28677
85821
9661
87794
1393
89918
8533
9489
3021
7385
8670
881
246
9557
288
272
54463
65
7816
3343
9539
7392
78631
6929
11176
33
3267
4379
8917
7273
3089
5746
18593
91566
25982
5455
5
44424
31791
484
86460
2744
4623
84
72453
4022
4368
4310
25687
63338
1910
68781
94938
76
868925
1673
495
9011
3581
436148
1943
781
8389
99576
13712
8995
756001
80134
76
6963
64501
4807
645
19
235128
84462
383531
38365
61
4
6
4383
5291
345479
87306
7055
85
5
39617
2359
3358
70081
5011
9
2536
524520
18898
8
41
8887
34039
80910
9947
706364
37183
70101
9664
12
28775
9272
93
7451
5431
3509
2488
18487
73340
8321
4503
50
92380
44536
3425
39
21929
35143
568298
95
54
4674
83
6406
8379
4
8
83992
6696
51957
63
8494
55139
47079
8472
10
5847
52362
4239
28
214776
827
4231
44
71699
399334
3558
664
5319
326
44646
9104
8902
3030
2
457
83264
9
5104
9804
45
67
32687
42439
9056
34825
99
445
1287
16387
8255
84860
15215
9879
25286
6184
9153
6625
23904
23256
502
61937
41395
78
7182
2060
57955
382
2353
95786
75373
7765
9064
17482
2964
6098
145423
32989
4658
576701
737
0
732914
5950
331729
9702
4978
42
3218
97620
8250
694784
148
4829
73928
53292
393
71
60475
5586
8996
944933
3204
56981
4232
262
9751
0
87
8527
244754
99388
4253
93
26647
8432
35824
9632
72
8657
6523
22
83391
7665
76
74991
5
81
7
676
44353
9315
87
8508
766
1206
4290
199584
48435
1101
720491
800695
308982
5756
9456
686657
8556
27873
873291
67702
61
8020
11
86
2854
2705
426132
82866
798754
8399
9376
56
1
40
2756
16005
2906
2519
9275
123
20
9133
883
38
160
5055
39935
32013
8376
9327
7019
882971
47850
6100
474
19684
2
394
1614
63
4135
6590
50
61052
90518
3728
4070
5918
42015
995956
704835
65610
5169
84
4051
9738
588243
79
79134
548
1
90957
40
8413
25183
4921
2
586
9471
4171
304
848
2
58950
86213
1691
75392
52
61
84761
7107
72428
30217
9701
96
78
91
72
15
2185
5027
6368
7
50782
56
70
8
8742
13512
1321
1447
6132
8235
5956
99834
83262
6939
8990
4521
78
670067
8290
58528
49611
2527
73
71862
703
9752
4739
224
5162
42
7258
87
730731
41
77555
255
48667
4073
6783
5953
3173
9240
898398
7319
66319
35
113
10
4386
503
76560
6095
33265
8
62449
70650
28597
9731
27561
4220
17
53271
62263
7461
94
79089
386
17279
1214
85307
2355
5116
431
10
163402
587
8097
84
89
38
966
499
892793
62
41451
7013
6
7243
70
3
5371
91487
41
97
67
8
388
127346
1832
500
71186
64
69
2072
26
87
9385
7473
875
57
6034
19349
48205
5440
5901
0
15207
7786
84411
75514
7
507
95072
77422
221
55430
5792
3028
2167
96
24
62198
885356
5310
56572
46
184
70
5350
5
79296
9247
26
20
15859
55
53505
65466
1548
4
38
53250
93373
86628
13
46248
23597
8736
71859
33063
8
72
9977
5926
14
1148
46
89436
8567
61
79212
92540
886847
92153
67258
3
76286
20
4560
459726
19851
8438
7
9532
4608
3
45
5662
8266
2499
7583
4912
0
9837
414
6285
5648
2913
49334
3418
3049
76
6705
9079
76150
8867
9319
84
94801
22015
36
16351
57103
8029
2190
8417
19004
93
26727
21
3883
142440
7
258
12338
97
35997
2929
50388
62
9382
85
70
5884
4083
39222
3482
3468
661
22747
8879
78
49637
3703
7050
958
67096
19320
42
85709
8013
7040
1563
7
9094
96703
2093
8383
8617
99959
89087
3850
578
43746
4259
3221
55295
1
9553
96291
8930
1141
5103
5798
5286
8388
80
37
47914
2026
3828
390
91
34248
30
36
0
2456
45
3872
8381
876924
3538
25
7773
68208
6622
3311
6880
2
28
418
87
19278
35
110
5749
21504
69
4
4101
89763
5289
24
57383
70887
64828
18
3488
9604
329434
36368
5967
6904
5695
611671
137
784816
9285
22904
82199
56
71
6143
6695
598960
38178
35
41
2721
581
9
23
86590
8884
6342
8898
7406
43215
6025
4844
76
7254
6721
94
92217
59015
16095
98
947
3404
46033
14364
30
27
41
625758
40267
64334
13
6823
58939
3298
9460
9358
15841
5382
331
892553
7683
1463
52
5
7432
3
809
5285
32577
719322
56072
74
86739
9451
7207
30
3035
6688
4819
1833
1804
13
585
116027
6565
1774
5269
6655
3517
5058
8390
15
726489
25
3050
641554
26640
18
15354
26141
56651
3
67
94
1105
471953
0
3402
5170
48
96728
9686
0
178561
3630
1166
21
48
7
9214
41
660
98244
628154
52
248
49592
55
31584
21434
9834
29896
41433
2043
4716
27
688
5114
700
977
6756
19
3922
73
3499
734485
1405
9166
163
126
8206
94698
5167
85311
5308
8817
29
9169
83555
2584
82340
83224
5004
17
2
4976
7463
5832
94
17
41426
1423
4919
19378
0
1902
4867
79908
30
21
3906
8748
35521
7648
49645
52
8661
5831
82481
14517
8036
99082
5
30808
7562
6
5554
16
3756
76
3391
26
97150
985
905
65
443
1
4216
2
7
732
1049
628
5654
9
3011
32
1044
18
7756
4194
9855
90699
5081
1208
5059
300299
81
92
5878
3
6310
23
5903
8221
3708
29234
307825
7
54
469864
3053
4237
30664
49582
196
40461
97460
43892
2042
6558
7522
34328
4733
633864
62554
28
6869
359174
68594
78122
6686
19600
23
598712
2290
51742
51575
81737
7
79
6871
75326
5312
93872
18877
2459
8891
84799
7
7619
3305
41297
5
9
5192
8775
4317
9
94
1659
1
635
327
41
1508
62
7388
47
16119
3144
24045
11
2233
300
43537
95322
6446
60720
9411
6169
386993
5651
252169
69929
24819
49690
2855
2869
2699
6121
79942
93140
39948
4164
526
5026
1013
7190
75
33525
36
1012
157
5726
3368
68
63481
9331
3621
3584
249
3540
1467
2266
51
55570
65
45
85409
20205
67
21
3726
27
9
72
95418
78535
34657
9583
1805
6078
6
9188
3219
2968
7282
78275
54751
2799
31
38
8155
26
185
5358
49794
3369
88727
6682
77307
62
1557
60507
9261
8686
85460
837
83282
7205
3048
43
35
0
558751
52028
8926
9873
6
14918
480217
5678
2920
4536
485
49
960861
8147
9495
5
763768
678201
33221
44985
95
34
17657
5846
7805
7068
24
142369
1018
2610
2453
13427
4260
92009
2892
3801
66
16800
84
5785
4
3109
62631
329
9649
937
1411
12
8707
92
79
8083
7178
69390
99376
55
65753
7636
80
31
2070
6746
0
8009
60158
94
27227
9249
4413
13
3738
10767
92
33089
2246
976
460
395
19
1977
7555
166732
8326
8
64
30359
5297
20238
26675
9878
2140
15745
2
3562
5698
6
1130
722171
78929
6
64
6796
7215
549
21558
94
52922
57078
7599
681
0
9779
63
9036
855865
2972
69576
9
82300
26
479384
80
74
6215
90854
8601
83392
491
6853
59
9298
0
25
6990
691
4510
9
6241
1
27826
7105
9526
22815
323
367
43
5567
2
3432
8
6945
5768
7
9892
44274
48084
81
2984
49
553851
2634
620
72313
523439
29853
229
5881
72299
32
978
96752
69
7293
8
4305
33084
94027
236
7612
313807
59654
7691
60
28618
1
93
2351
674995
46176
9408
9023
791451
8747
98624
78473
1820
57
86023
3
6
29546
4
70978
51
8
7647
32
725451
19201
3075
275831
4319
40943
268
72
4321
30788
98
61087
38337
270402
35838
19
140154
61049
64
72029
77
13421
10787
8128
521575
41168
6777
2526
12392
26228
38472
82547
621452
86
3668
71
18239
5365
16
886
177
4
63941
722
8924
98
88
59356
3580
872273
4042
5894
93412
6618
2058
5546
8181
8015
126267
895
4940
3160
70
3196
9381
58470
871096
90564
37250
80
21
10409
389790
71
74
72418
21
52007
79
6
53750
2905
62153
28
1951
28
5325
36224
72
70
37
33
91
2880
71062
47
225812
934600
39
3289
2606
6785
3748
3
97590
70597
7854
54
9
5449
63272
4429
42139
20837
1098
459
701485
48791
83436
7284
4641
22
4816
36551
89519
92
94600
412
482
20599
292
54713
81343
0
4100
9927
1852
3718
30515
9375
854
9537
25
3766
7421
27175
12
50043
43
39577
6311
71383
9128
94335
610
6068
98236
3620
2841
3843
76
5304
5778
4200
5594
368
47
7
12764
61055
20
112
92
1263
72394
2416
8
4591
67021
8648
98435
914
1
3782
1670
8054
80
42690
39360
30
41633
89157
74489
8922
82
3932
4637
57
64
32
5602
52383
645424
2732
6776
9117
44
651
2710
9090
57417
96707
12279
48739
47
79360
28587
226
7870
8480
94187
7590
65683
29
13406
5634
6725
98
1515
5201
2472
33
8500
2975
587494
661328
337
42268
4
1494
73
75
5
3345
31010
55800
3338
6619
508396
97
75643
579568
70
69565
65916
73413
77926
8251
6283
5283
1249
11
5764
8473
91
159
685595
50095
36
72
83828
73228
6026
40536
93
32209
1
5980
34
1628
42
6
82527
3693
91088
11554
21681
3435
48647
5252
86
1400
323063
10
573376
7902
9
407
2205
74006
88
8942
3690
2175
723
54240
58509
49421
8845
69720
3497
60
9888
19034
7307
6047
7483
59
528617
644042
4036
407292
73062
84
56
40
449
76
518604
462
5644
5677
5071
4617
90
2255
4771
20406
89857
3838
2522
46406
93580
3837
24733
3741
217230
73067
551791
1984
76
790
8229
5605
64405
2007
5850
68264
4535
41
3441
96
648
9012
6084
92
205658
56
82
4245
7
97015
63522
1785
96257
5782
20
44
88318
71
1921
4
1360
5050
92
11
919451
44
191344
89443
3571
7133
51
2910
5494
9722
66
6
1743
6195
29
7431
59
1311
6177
5540
8091
7
36117
230
36
7934
3754
8149
8393
7225
55036
83183
53176
9377
2696
2283
820
12
380
8
1067
47708
43
398
67171
1897
56799
28
28
9662
4361
898613
75
5340
1415
3745
71141
3308
7621
34304
1718
133791
86493
7554
1753
2
15817
5911
44188
2254
7
4626
8415
99102
350
32295
60
2665
53060
5933
8
15
5718
6338
9697
5
29379
80
5217
82
681262
85
77759
3
2655
97354
4651
79
9740
77
1674
7
3006
14
3263
49814
2261
4
8047
25833
59817
639
79258
11236
2861
59361
120
19
82
82
603
4917
63
9867
8115
11143
1028
84421
3477
24354
8420
283
5161
3635
39067
541
9458
8041
6096
39324
5512
65
79177
12
3765
28
43
3405
22645
39936
2256
29577
12962
1615
19964
52739
2204
50748
33
6865
99487
61
8
87
7
1709
4863
88
5744
4422
1279
6302
92
7855
4544
4265
8298
4967
0
7247
68765
0
76919
20054
8797
614
2253
439
97
102887
37
15
5441
3
52457
56746
3254
279710
42
4166
58
47542
78200
5224
7990
7767
6
9584
955851
4034
92
16
6
8184
63
69491
43
23431
10101
3626
18577
413068
75
135330
73885
194
1248
21259
834873
3
86884
7415
7
1
0
1553
684568
4611
8490
4420
9636
82
52
9380
69533
405465
9115
5741
303
1039
967496
6
12551
557
13151
27
65
73570
23376
9295
7
2723
94511
7004
508552
2877
46
7
95180
1087
70507
3
3
6151
100493
4
305
280
4428
90698
4494
1142
1426
8017
953219
1457
64227
31
48146
94
875846
56
8
7501
1195
6
95
91341
7401
9872
28849
8925
4727
3582
441658
5474
2081
946590
687
8946
1178
87359
8649
6557
89
4667
7733
37748
6428
41501
9
45
46740
48077
1121
15
30435
19543
43
6
2719
6850
32793
63181
707
64799
41
58635
704
9
41684
2805
3128
32704
31
0
1045
94843
9643
8650
94
2086
285040
5420
6456
83824
993
74918
73
91
55137
49040
453723
68163
2016
36
73459
35191
91770
3715
32572
378
8591
630291
1556
7515
6543
38865
24480
6780
5052
7645
71165
142
7936
1703
53
90468
35577
270018
333
21676
31996
18099
769
8883
73901
2902
9
77054
89782
74
174
1693
22197
95957
65454
379787
2
43330
3328
43761
4981
51044
8812
60075
31927
89950
2
20285
29774
9607
12
16370
654
74763
3216
16565
2865
6033
546
167932
72796
56926
78036
1409
8
3
791
5
2997
1988
1620
8339
62893
10
88984
27135
780
70876
4974
5633
458568
2891
8
34
7685
717
98
96351
5260
8
483
3042
601
29815
75
53
9717
42256
2570
5915
9817
673
4876
34659
3027
185629
4183
4273
37
89865
3531
1160
57
5007
37570
44
67138
2563
84
3
70
78
211670
8613
55
66
2670
18
7122
98666
25568
1
86857
3833
6093
1896
64
7303
63
756876
8288
25
72465
3839
10541
1
66
32
95
51
348560
6
149941
2210
86
1
3040
23
7884
42
67
9230
972750
84
77
1112
8239
5652
3809
41
750
3862
69
50
22
9838
331128
4678
5517
93
5414
6371
69441
69281
14727
26147
6956
52582
48767
12
35
2771
14042
1
3648
5689
870
13027
86340
4061
70
4682
7670
5223
54602
9429
17360
461287
97468
16
81
2
37448
6766
7332
1790
94
56309
2457
80
3
76451
853
3
3835
981
56877
1228
89
7951
8666
76
7606
44049
35
1032
4299
31770
9390
37
7155
188916
7376
1260
16289
963
9
12214
8307
859571
93
22
99621
82045
655468
37083
3176
5127
6944
41
90
4142
46214
37
13
1255
2890
31019
343
522807
4529
6552
44050
76094
19350
989
5929
78
16382
45
45
4
421926
5366
28862
89399
53833
8703
57545
27
87120
83
3318
773
3065
3495
7640
334
51
72
214
54218
519
87500
39460
640725
504
50705
6604
68982
88547
8692
78152
69242
9086
923464
6511
33216
912288
3
5923
85
54
37
756121
54088
3178
2
5
497703
4284
67898
9007
51036
97758
53
8735
27386
6858
4241
7642
1209
17
52537
9807
46555
4178
67
92489
7327
9134
71856
38
7
21395
9930
341097
9
27039
6297
58802
49
17719
8194
826
4
19650
44255
97431
9
4644
21747
6336
9431
88
13
367754
870586
1
44834
9291
6527
4079
942723
320
9
9711
5018
7709
7834
7571
61
3170
3
29102
84899
1404
5183
45296
81
347
5
1281
70
988
6
7548
78157
743
4621
379450
248223
21156
12649
5395
178601
94116
48719
9278
70670
67963
44
94158
38679
83
78418
30196
48688
55
411
3982
8372
3118
7322
169
394932
1474
6332
7753
6589
3
44405
8767
4994
7291
64434
9113
97
6262
51141
30003
6321
4025
466
4278
76012
2844
7882
98005
1
90550
82
3829
121009
41
75440
43234
61496
73
78241
33
5979
5257
53
90
6417
9932
62067
8634
9821
70
72
8
4683
83994
54
4738
757406
2722
24
1778
76
9028
1944
7
6405
4337
7
616
811049
91551
29998
24
84845
2381
5
3
79971
12991
37486
95
1244
2871
3551
6738
646
95
3086
6839
93925
7540
7635
94
1021
3507
4
3933
93332
2701
949219
1340
7361
74140
5370
32
40
42
5194
130
7
12
463372
4736
626278
100047
18
942783
57377
985216
9313
8112
63472
1526
9982
6
2575
56
3314
8780
80604
9232
50
125
4924
2893
2376
67254
770
8084
30
2173
3132
18
6745
1561
6049
583
1668
1377
51983
488
6993
95
20
43
96043
868
6087
51952
67
96702
906575
32
6498
87
15
9406
87961
444054
3567
2222
8524
74652
4660
4188
1770
3352
53674
3777
3284
4669
90250
4596
3719
29
7
2181
89
6312
5427
414139
92474
806388
96
266
4023
2379
80
71264
78
861
49965
1490
487
4118
23602
96
6000
48862
806
9853
515
751
85642
37422
416581
361
321
51480
56094
96300
57100
5969
79541
7
98061
8120
48
7732
45541
30465
99
20
18254
46957
53
12131
28
49
28824
93010
7475
16
11
45844
176
79
1086
24
20446
68294
6303
177207
26
19980
1292
85
9371
73
59143
14451
4393
64
80794
5606
26
4474
579
51680
3805
16285
6187
3403
71428
58460
850
3
2238
62886
2386
12468
29
2684
7097
5793
2692
7484
56217
606
53
20275
8637
14587
2668
14988
30154
2882
87
2798
1316
64022
95
25438
39
9989
4439
22
19
68
23172
4606
8
55
956667
53
7092
3658
87311
85
67198
1
44045
8669
27
3
67701
82411
2029
62473
8074
465616
8694
4506
51294
72405
3032
7518
9494
63925
74538
315
9566
72457
65746
4163
19
7369
8
64
2287
2068
14352
435355
74695
4095
7
96999
91
7893
78939
36381
64640
48
8299
0
881208
249037
5002
238
14760
21913
90
4758
1682
58
62
24
5899
63428
96
26702
97107
52
8220
76091
7495
24
82870
27391
4425
1
72
50823
206
8196
80420
8031
7663
20
62639
259
344
1996
23
2947
26
35
89
72062
56
9063
5892
0
932675
38
910
7883
3022
7
12386
58615
7239
26326
3528
7889
145
9799
560
4378
21601
53
89413
8227
179
35
6106
9
7137
8806
97344
3057
18300
44411
1802
2400
285
39304
2764
55557
5
2367
33590
74
3877
63
4369
55
2311
4551
8452
88568
36
7
3429
8
261151
3953
14
63918
50806
97
8396
5
17
92
86
4516
22971
65814
7586
25
4
722235
6233
24564
9015
29
89
91
56
60988
72593
30813
76918
98
61369
57
4720
85572
7296
636957
95
3
6280
5158
19581
4597
2114
6
811
2615
6
36295
24
44767
693948
39840
295332
69
1023
8208
1486
14
50
6668
8672
7896
301
6066
33
2288
7396
37166
75
62071
5736
24027
77055
6099
569080
6316
10
59240
48454
340
62
5576
969838
139
16547
12566
605673
6434
84
84
83
56157
7437
12
64597
7815
5008
63398
54835
85
24880
67193
6045
5763
1083
73634
63506
21492
1159
8243
71
20133
47
52523
69
85669
39
8550
455
31063
98405
29225
91
20887
8639
46
9735
99453
16
3
52
3959
99
84539
727547
19048
21
73263
6819
7521
539
6500
95
72
1922
892435
7566
4076
9399
3
40976
36
1723
29012
9348
7249
1624
1892
4071
98
3598
53118
8329
57
5
97
68839
57008
49
67347
349010
57738
58351
5
5641
9151
4430
69624
6685
8741
63
8164
21
5875
47521
91
9
85267
42927
78118
5767
3
34
7358
59859
72945
7390
67719
4960
62475
8664
57701
7184
0
197
59
152866
4
27820
33
8840
62
234324
573641
30
6
783548
91170
81
5157
31697
63092
293
95112
9
97560
84856
73224
3677
55
77591
33
40221
457274
5800
56026
19
52031
76
5
67
8574
83654
824
88
6189
26983
66
2
7785
25
45965
89
8829
97095
68032
3171
7455
6545
7226
32
94662
76
7757
2
8838
4996
4282
97257
54392
5001
7780
10
972653
1973
22280
3489
8309
27473
997
1
296738
552659
46
9
8695
96
5278
4587
131909
54402
12
4247
84016
3561
2643
42
545707
31
70239
1371
6755
60443
8256
46
80
33806
7798
6
87719
8098
35
45659
17835
433144
7769
8328
41148
7656
76081
4901
66
19168
2139
49
923781
1
62
7016
5
30
4338
73
167210
16206
69897
7150
1
3103
3189
4941
9975
23582
1568
9203
15
69526
13416
26612
6304
5487
6957
4352
7988
3565
24
1636
4306
91732
18747
83250
822524
86732
2349
8809
75564
141
776
38
3353
6231
83171
4813
1963
70
40921
54
2588
35160
55509
20811
44600
2225
5271
86
2015
18
89
1521
1070
5254
4392
3822
65
2047
76203
8252
1947
3797
486
94
8594
7689
46
3223
79
24
23793
0
61
37
1699
64647
44601
71915
1928
8966
90
71229
195
4
7739
11734
34964
81900
9858
34
931
48
4056
53792
4
5258
46
29
21830
9608
18124
2957
94
35
52425
44
30721
517
28
8337
16820
76
7700
16
61
7227
353
48026
9596
33
36
40626
16
452669
38364
76
2837
8811
955566
216
19701
9448
1
94226
79
37112
34024
44
65143
15162
1242
997052
82
5368
69
2815
81979
53926
7163
5920
24755
68719
8808
63645
7
9209
68428
44
5
7339
28450
27
8548
17701
828899
25926
7745
32
5462
89
20
17727
4643
8597
3897
78726
81290
61
93
84
64
22931
19318
103119
6
5
1391
51625
42
3251
32
89876
45002
98716
7260
4612
990933
34
3096
41
58
5646
573759
6
13
9283
2024
5
29
54
9
59470
66
35
74526
4345
4
6062
8623
64257
2404
1783
29
9351
21893
3896
6
72
492
9
66730
45
4742
2619
32
2909
86610
40081
2578
66
7605
63780
5542
4
17
68688
73814
34116
784996
99479
35170
27330
765
2810
76
5772
9592
6437
12
2476
1496
8068
9705
407472
40737
4724
2567
9725
11345
14
43180
78075
14
1469
170297
189
122547
51401
27
7216
98380
15
5533
93
7337
90
7129
4824
5458
46
9883
53985
1642
20
71246
18
671
4704
5152
626
7143
98144
5865
99880
2591
26
5288
6294
2056
50196
87
3024
5511
52385
43015
0
9147
1
18
46
8072
64512
235756
62
421154
31
12114
7292
144
20973
55929
46401
69746
27969
26
37211
945
29306
1284
4
5663
69063
85
6379
9083
56684
8799
71728
4
960108
64842
22936
86
79
3992
6123
902752
3818
20759
57
65022
3640
5676
69517
12166
680198
1863
59
58
38224
28
9454
5830
1459
76
31
2683
1847
54
797066
25
90
6015
8305
68487
5360
93303
10800
19245
4001
53764
940689
9
4645
234237
5131
81
5611
7251
67225
5117
80521
6790
9747
76891
892568
84
61201
89
5280
4367
12019
901
2864
30276
65
234
73
8984
782569
99520
17
83798
597899
6
15
6412
3529
70
53165
48792
18718
0
63
79679
392678
8028
73373
4495
867
4342
57704
55835
84
68547
2895
97321
70882
387483
39
1
663992
63630
7085
51
2153
6
67642
38499
74016
9598
9
5615
558
441
9108
27893
3
92
19215
70
7618
7811
7109
7959
3430
6
58936
44025
34849
89
38
920232
4
88988
17
2965
3834
34962
1277
80
9
19054
35617
2585
62991
7049
29871
1586
2460
2737
3174
66
88711
92
81812
3577
7487
41
44439
90
4676
372317
4050
1262
9696
7211
5691
69853
3362
808497
2885
18
8293
81
77865
27
5922
9256
65
54930
5867
8416
9806
909238
30385
2999
9
84294
949359
796039
30
778
7510
28
38834
3
86552
6989
40787
2839
13
1026
48038
62
42241
37
8
78867
16667
2846
5539
47
27028
1495
32870
52304
6006
2581
58
777112
7806
26017
65095
10
8
3688
7212
2165
32
7875
36
789104
61
6684
28788
76
98
18853
5480
152
3286
3428
7075
49
61126
259892
497103
8
8172
59030
705102
9
74
2727
7287
4499
600
8126
42
38671
8592
3
90
4970
93851
87104
30194
3962
44
46200
384
7708
1749
29
4261
1
24727
1498
4
52
45
6364
42623
97
1
70
97
2513
489
43
2930
3
41406
73
8905
89
52
26
88471
5673
3951
9560
3652
1219
6833
89
90411
17
990572
7206
9777
1612
39985
41193
52
44014
9812
25169
1298
98400
6069
3813
62999
6
32165
477596
947613
5
19172
5574
7404
98
31234
812
76
3220
41
41897
94393
17711
3533
9987
11
69631
7887
69
69775
36
77622
1829
7986
297
4468
9047
5862
84941
9145
73
99237
47242
3867
5770
3396
9144
4509
3002
67
744
1780
71
91
6969
64794
62845
5840
1622
480
87592
98798
32841
33270
46
512
186
4263
7135
3824
174022
8866
63
94554
60
67458
99
8176
184514
48709
8
59014
3771
80985
9099
36
34918
9446
55302
8
15
9485
15
54
861679
28406
5686
15
3836
97
541410
30
97062
98181
1097
95
4277
146
608
6548
427479
5522
1717
4463
6636
7652
19301
918
7650
7664
677
775624
9438
6460
74951
1611
1712
77126
4947
4421
32942
36491
54954
963572
8551
61253
40547
31894
28049
3
6435
84334
27357
89557
96992
7
54
7217
44
575365
4
47
35
9
14387
8859
61
865546
79
874946
3936
41928
3
58
16574
42238
5563
85
65922
201494
1739
5478
924
6
1987
9748
6104
87891
26177
11051
1
39190
8197
4942
4903
36
97137
0
82493
266613
20194
63
16
1948
53
0
69863
42
58520
7625
12758
43
44
63176
4008
85062
70174
48
0
86
72057
9964
3
8688
3811
12450
5627
6563
90561
78603
56744
50228
28316
38839
61210
65
2001
8
8405
87
5195
1853
793
84
3871
83505
14574
599172
79840
2245
47418
4254
8807
5760
235726
72371
37245
5
9519
73500
37
66071
3950
96
98
9955
3909
82
252331
35
47751
2
57
7121
70
97112
294725
93
51913
79203
73135
4659
918915
47
774881
2517
5187
8907
44936
43270
84
80
7725
3991
70
92112
4
44314
90
75
7113
37
218592
7
2004
12877
19560
79
20679
97
4752
52998
5762
73
2020
8449
4149
39
4471
9416
27759
6197
33
65
6126
64
697665
17
80
33409
5618
97
243
2645
91960
21
45
52
63
45138
83588
6555
214886
751932
62943
96589
92598
52
55
62
36465
91810
19
2
27450
4962
77
589
82193
54497
8458
45480
75067
85305
5984
449083
6539
14494
6305
5356
4
34191
8700
75
35983
20
40
205671
16
65851
82
3541
90
9630
78158
8357
1375
261339
276201
65742
49100
4124
57482
836
39841
62
1757
7942
60284
57
3466
49972
9353
20071
14
18063
62
1081
35429
777
25141
5213
65856
25072
23
5188
81
95647
7142
39792
1
2227
7992
5446
1867
654957
96785
2897
99776
78397
8267
3224
17950
96533
57
73
40
78993
2738
5649
82
88055
23717
7839
8971
83
4366
7723
47
64
49
33150
69
8219
48753
5955
79
50
4700
41704
29
2560
58
7932
54
4081
2465
35999
6537
68
7
569
3060
8
82
7256
88357
8518
488345
52030
62
42983
5066
35016
39
5134
9524
4932
696403
3493
4210
57
2177
94
3
15750
15836
86969
56203
10332
9845
198538
9698
33365
4
4543
7876
2641
14
99
95
211
1
8740
66
64
9430
648871
9733
13
612570
8993
11669
67094
45710
10593
82
78
9985
9299
6639
2273
156
4382
39711
72761
60
84
92
81760
55
9478
94
5513
57293
2660
2702
53888
4
26
95
54009
77
11
799764
98
152662
65
7048
50679
8437
3560
35647
89
81
52428
8366
47
25480
8476
88340
36029
9530
0
5753
2907
39916
842
2448
4215
53
5138
16710
28
79815
90882
8123
631
7006
1581
42362
628527
7022
98
2039
75
6016
67
6966
88
526838
20
86
48
9370
91
4355
34411
2873
25
30734
44517
84
25
14
5732
37321
910691
65627
5774
90
68050
9266
192061
44596
91536
1
76895
1737
320452
9
464
27045
55795
2829
7817
0
5251
25544
57
2340
930038
84
57266
5
2
17931
7
99698
3081
1701
2271
84
298680
13277
31484
7310
1137
7899
6479
3942
12371
1493
62439
84893
51431
6988
224968
5147
86
78
798848
24909
4620
5597
34
58412
1824
30
99
2408
76764
80
18509
83
65484
11054
39372
8768
88195
1650
19323
10
13
544350
79448
92279
9854
59
29581
3
8
9290
3476
43010
6515
96
950800
1297
3
5416
9948
6882
443741
2392
6949
4222
3026
89462
6234
99385
6959
58454
24048
601716
78851
68
91189
14838
89511
973
4883
1155
9587
81776
75439
743224
8709
40
58719
4121
8078
23
99604
33954
25010
364134
9198
80
93
84
686
60913
1952
11369
1541
96
19223
1055
7489
44
5995
98964
9257
20892
73957
78
84018
43943
1238
78
68
64235
5
7527
0
36
48
28
54071
89981
6109
95
92563
75139
93402
9998
88220
84
57541
78
2202
6322
61166
2372
5
2398
6561
25
88
89
739861
37
81524
85
7044
33
379080
9513
3421
542504
8
4711
8065
428
55963
817473
26808
67
86458
97583
740126
9797
9
8
957773
4
4
51102
44212
11
8182
79022
50826
5679
96
73362
60803
7
8517
18499
67294
3857
928770
85
89
7414
65
9961
36062
1052
20
8
57943
95
9919
71196
1236
75
6465
6
1385
926
6
4411
41396
4784
63438
4145
53
5244
86
36
55230
16752
6967
75396
35883
93389
9308
17048
22
2
53593
77
4588
3
83
59
72455
535
35180
71536
6410
1907
46579
8
68061
6808
85
50426
7088
8598
17782
95
25832
7185
62276
5573
4556
38712
65
36
59
24
24
17378
2969
55
6475
98289
66
357276
3
21
68
22
3816
13850
64
64699
62993
9
1967
6507
3761
83094
57
8530
55
4934
2106
6670
91
28743
53011
656
89225
8446
78
92
70
2159
30
5
232253
70344
4179
1090
9621
62686
66
6901
59442
4
25
7328
45870
82
21
71
513173
51737
1396
315471
2325
22155
895918
5
55
815
85843
210
51688
804133
57
310
4948
4913
323515
9404
6250
8443
676215
43
2230
97
9271
7457
57
31101
81
9
1336
55015
8615
681160
22
139234
1430
70
8733
7168
6661
8
952877
20883
95592
3484
83
24
3767
62
2461
432
14464
5043
6797
61338
31037
25341
36756
34335
9716
4
2675
6576
66
1289
30547
14617
20
63
7847
43816
74778
97729
0
50574
3270
605580
1827
6020
7955
76502
33334
311916
4926
4165
55976
561437
79704
4
28321
46135
0
40355
96896
0
9026
18382
65106
4343
39298
37
52844
10676
5075
9890
4653
7580
14786
85566
6524
4391
34806
17908
4158
76628
801325
2617
4
730564
20
7895
1245
7130
3749
216741
6977
95
8238
9
5944
44
935952
6550
3
510286
86
574295
51
51345
13446
47
4801
5064
9087
46273
24889
80
70
51
75116
30549
53
3373
39
25
79
421235
8918
16
8
7
80
45752
8753
1523
834732
86250
33
3279
34533
7192
5249
2
24339
95708
4872
2491
4410
63
3
8261
95611
25678
81119
1645
84
98582
6269
1500
75
44206
593225
73
4973
40356
7041
3326
95287
76266
744007
5497
2187
88294
944783
98462
68
72596
7308
2816
7
36
8702
3287
5669
27
884175
1
1618
22
9931
35417
2666
2077
43
9233
4156
62374
4689
12159
47120
59718
62
772004
2849
13340
4181
15734
97724
79477
6896
718989
6526
120774
9617
35987
21325
742
18598
967
78698
9843
3549
82872
6148
304440
96039
43549
8765
8
327208
99509
31
7238
4
12
668
5
73
60
650951
22140
33
5351
4782
803
458896
1126
217406
34494
1334
2334
74718
4300
0
46
40162
88150
40157
697
36
25560
531212
34009
3746
71
12
97888
20
4925
55909
30
14
693655
47
3901
29469
8108
55
20274
2766
93175
5083
92556
529
86937
78593
4982
39
5
8
52760
13
69837
698074
399422
3607
9
37180
83
1
54
5452
13
1759
27275
3114
7202
95
85
19033
5887
5963
59792
392
64947
2401
33862
28371
9
1578
98265
8430
34175
18993
80
22727
66500
63069
1501
99231
2122
15
425
56
5904
90
7359
50
84148
1767
32414
82689
710746
34268
8470
4777
75
4661
70
62197
35
2466
80
18
23
516
65942
7164
288846
49
18009
54060
3740
13
1419
70784
4159
58
5
645631
9627
72
2160
27156
2111
71755
5971
4931
37
8882
83100
7317
3186
0
3687
34
44
3467
8668
94
25664
15
8226
63
60
767767
44
8793
49554
71212
9057
3573
4
3
33248
1460
3462
95338
7945
52533
341
97
7
2239
2346
42806
7237
71146
890
6083
55823
8875
199039
3366
31257
7682
82450
78
44
30534
97776
49
3615
85776
7933
13
68
2023
70166
6919
3335
85
32
3947
67114
52
2
13788
8565
8642
76
54771
564
60
94
6019
5812
830459
130521
84
4331
45
67
8909
39
12821
96725
30
7748
4840
67012
99878
8
2345
9116
76632
81
24
4197
9744
4329
85
35
82662
30862
35747
5632
86519
41417
11
6048
69331
14343
97699
71770
242
9254
58182
4139
76
45437
557251
7357
28013
1002
79088
205272
28747
11998
3
97493
97635
47
31324
43
7047
9092
2164
64
9152
81
70
45
1240
8244
75457
848195
3452
33919
983646
9
2552
51857
7343
26
8257
8578
65485
11
9484
87
53748
51
57990
99876
7794
6
3618
23
1
35480
294
3487
88591
25
481076
5381
6887
7
2
3
0
7123
6997
8865
4685
180
84077
82
59109
56
2735
5
97262
566
5501
20
96040
60
4015
6676
85383
26693
7835
2242
16730
17
8983
57712
30737
92
16656
39898
655115
7095
13
4348
48572
46
16655
93211
36222
841990
10
332027
85235
92036
2911
62
8862
129
4140
1
9072
5947
95215
24
567413
1980
17
636
5993
20615
12
72463
39620
38
26
6306
26742
6
5
8
98
12
81362
20009
1145
24614
12882
9262
22641
3203
76758
25146
3
5100
55448
3775
54801
9212
58
5102
50
34
64
2236
8798
45
9
81281
4537
21193
1325
496744
7
39
66946
69729
3100
447458
58
44486
228
23
67142
383079
5568
309354
23
3768
1899
75473
2119
7151
9119
81530
48199
35
8928
6212
813
11731
309075
7679
431665
771
23
486885
7167
3
94237
89751
31
7481
63808
2928
9332
73313
9059
7380
45789
11868
7749
75531
20633
685018
632693
63
1935
50
4394
2314
36116
435
38
88
6466
6
2241
41971
6704
3602
56162
13
10
79
11
7783
9307
6388
91
13
5827
8168
2
20
51206
1
9620
2113
5811
41
32411
81
48
5587
2
20996
3
94
58732
93
56
4
31162
344953
64621
8077
3599
34639
37757
81
6588
5200
2
3534
650909
96129
39
71884
88842
5209
98418
77634
1807
3851
10745
7504
52224
64
68
41544
1531
9910
92105
28
311900
13
70673
35916
42
1831
54164
39337
8410
87
4
80331
5968
77
7581
55108
8231
639524
16
24
32
3545
1471
4783
838
10
27849
93273
3023
40
32926
51
3714
8014
7567
5
63733
56367
78
9
1
86373
81
10
89
5393
237870
3
47
33763
838162
709
90773
48
23
89
99496
5
83
533040
43
76
32897
68152
2102
99424
8487
481956
628860
8483
6
22153
879930
86
7999
62092
669328
82
9783
82550
98242
89616
538170
2
86468
31
9065
44
34158
63079
1
4204
4115
51890
56342
4405
82
20
51
26
17
75
43
5456
733439
25845
92702
9798
15
10027
62500
64150
93584
1
39
5
4433
841918
27
29
36
9
28376
692147
2586
6516
1587
81
62794
20196
64
7772
99747
804410
25
7832
9394
12968
3376
5376
4906
6128
3
6632
45567
1060
623295
2435
90850
76
22474
2716
59
39233
307298
253
48116
14991
33122
8217
81
8145
95793
1428
55042
4984
9118
30
678991
3984
28713
20
45
1975
9488
1197
58
84
268487
6744
3704
915370
2361
1465
4134
53
4377
89
14522
58
84
97382
1924
2963
7517
85082
17017
3092
1766
5087
9574
672262
8951
3180
20174
57
69
243150
43
79722
21677
984772
73102
17
7354
61778
96744
7152
89
22073
348814
16
73
8204
2455
8482
98283
52
16
1162
16888
9397
74
38728
4
3519
47
48113
14
8982
14
83890
31
18934
2817
5948
21317
66817
52093
8
86436
3215
23
34
711010
763059
86097
9
40325
651798
3125
1264
60
18
119218
72
345689
84
39865
2577
2013
59298
1976
8504
917
9177
60
585143
24
3724
29023
394099
1458
77
6391
1864
670353
0
12410
8714
60
33
9206
3564
87
6454
93
3443
61703
7
94470
38
50
71096
50
61762
6907
8
2280
8049
4152
2237
64915
76770
548926
95
8
79637
46290
9638
0
93
83
221307
7818
97
19618
83661
4005
1750
3205
5957
38
88
791996
97
8877
162
4811
55449
6965
71
9810
1339
52
42299
8
7787
6298
22066
44883
227322
2
31
37
3184
8434
8
76256
6378
86
421
15238
52655
9463
30727
41
10361
3823
6
9753
44145
90711
68562
4
28
5
9426
8161
9857
9561
33
53278
207693
62808
32430
144377
37226
74908
25374
35751
4035
62
9918
870557
2572
751770
32782
3
64
7470
9
65
8858
6235
1489
83442
64893
9342
2
90
39
5346
90042
82443
52155
6
3179
73
270323
39919
13490
6193
4085
17801
27099
7970
68
27918
36026
6349
3008
4424
13
97
5227
895751
500355
91
3248
45
6038
5151
352002
26
4
54154
98
63
92773
29907
9480
2259
7776
67289
35
271343
52351
96
37
32
0
149332
62
5743
61
70
4907
88
8
6
8
5525
3159
71
19783
20329
52090
327314
87
431781
7686
16098
92025
69
48674
3539
98929
44426
23795
18
2440
1836
55
6007
27569
14
97977
863956
64452
90323
11
1125
87
7468
4021
7141
1384
30306
23786
76627
54
34
7677
77202
94110
2533
98266
9945
33964
308
9647
7
53938
22902
5
1
67
42
82
793491
6578
11656
4580
4131
41
1376
18451
4349
82
1930
3613
5475
20584
54152
4175
63945
54135
38
6855
4147
91431
1713
3300
87
74
111266
47829
48
3627
12
17416
77543
170
2419
4747
42854
9469
3342
88
39578
690294
91
74459
4879
89864
54959
61063
511
783491
193193
82
4665
12313
6885
96509
28390
4040
88482
96997
9422
6067
59
43
90745
86
41440
74
74
63
55
46831
23
43646
43055
43696
72
71732
89
81510
3
9
78
62841
35542
11
38948
77511
215452
5661
2420
93641
30
6974
4286
33
607991
43199
3
40
1007
38965
54964
9
46
63350
362390
22377
3
50786
1
8087
2
874008
49
9506
12
56
220
76
8394
37
5619
4862
311578
54170
69488
71982
43
1678
469
93756
1862
99403
8715
36941
9541
49
18
40239
75302
4
11
88
6
72552
58511
9
39
8140
97011
7015
48976
761
55944
29917
4
50
46
77660
47
80
35
18749
45799
797989
6403
3210
77
66019
27955
6282
92
62232
7668
10479
2
2740
40093
95141
74704
28474
55645
1950
4750
32
97
9369
344122
9742
7866
8
5810
9391
6220
62336
74
54
6277
0
26324
6443
20
56615
29068
214071
9605
421439
2184
5506
61118
3
39663
7101
76704
79
424
42305
2985
297696
34598
49620
6155
9420
81
521375
3
19617
58292
1
47
1
5105
6915
7
9122
1530
25
412322
34
981062
14406
11
30300
9462
28
2639
2322
6694
64
9594
7922
4267
31124
4326
88077
8878
4172
3699
94418
0
84
75
468421
97417
55469
15301
34973
79012
2174
36032
80
9880
48329
9501
4064
483809
7
43532
6579
7038
99122
21330
7602
5137
9904
4
1742
2657
82
39
51
644633
5
7275
129841
88
96
92938
8281
857462
50
6727
34
99459
52040
72093
38
294703
52995
9680
5
53
30391
32
8
6505
31569
4132
44156
23697
17
9336
40
7381
42
15
1363
7
485103
57410
69465
30
0
9
6352
1610
7672
49344
85
472556
2808
6361
321164
18
744364
73538
69
7472
4607
85
3
20
33759
87566
40145
70610
38
50075
11839
1374
2443
903325
70
7751
4191
252863
5775
2507
4571
68335
434235
8350
5314
8392
5590
6
35095
37
88
65
6
56
50081
719
37592
6580
85
35005
44178
48536
3126
68
64
27364
6679
5385
6131
43723
9648
31
24823
2506
7066
17928
900
6547
4416
7857
3667
32171
73
79807
99
6
86495
3241
37898
31100
72958
4558
2659
94
1416
7494
73753
48
4
170890
63085
34564
29389
376458
49
21961
4105
10
3
69
75586
59
91
16
2904
1
1
8940
6
14380
7623
14601
17
3566
970692
5931
89
22969
934598
49716
75445
5
362644
86299
5231
3420
9983
35
6
63830
85
94934
69
18
15692
57535
60323
59769
6112
483357
75
370165
99523
9895
56070
11678
48420
9436
53892
84779
87814
9966
7588
88262
5021
794
99
2291
22449
76
78269
99
74029
74375
7450
7200
7198
50253
83907
73566
19
31
61225
92
93
8911
27581
9034
88
0
17
68
0
5
62
77794
44217
6934
2901
5643
7
55641
48
19
26266
3926
59613
651934
699585
47343
7
69
5279
3934
44617
5934
31
3
86323
79
889
0
8
10
23101
70171
90
53
88649
8659
9207
67276
3572
16318
33
2186
84
554486
1999
12
8935
18
81558
5005
9911
4820
49323
263798
534934
4
36
308277
78
79
93
48066
5163
4385
67676
758187
71
6895
98
80
423403
48860
32214
9846
97713
8789
9
25576
41826
93896
25467
1505
95981
71069
8
89390
50382
4443
385355
6278
69
87
8
40
73702
59834
6217
18
47700
5476
49
43
6805
83124
5548
4
96
8562
584572
7
2954
28
91
7471
99
6596
80
7667
593544
98764
66437
6130
7466
8018
42249
3884
2602
122664
9401
1357
14
46948
430131
87
9693
574183
895877
4812
9238
6127
5276
77
88413
6
9127
2218
84395
6442
40404
786595
55510
49
96742
9294
30106
7204
85198
70
5
9603
56315
488399
0
1
10
88693
2958
860908
22481
2059
64872
5636
28
61827
52
50401
3302
15648
356198
935
67671
525828
24
61548
71
9
79519
19535
58116
4
9988
2823
4289
41611
28821
17
3233
63720
34978
2750
94474
0
31
82
76
83
3461
18
75
60196
0
9068
47404
7474
63
70
59
5655
360047
93
97
72
9771
6060
43439
9304
57
9782
9143
4
21
8391
42801
5712
65
77172
45
44195
4358
1
8040
52858
5125
99062
52
6248
87
46503
10885
4196
60533
8058
74450
44
6913
441410
95366
57
64216
4624
244599
6
3371
69
7666
8183
521901
12370
69460
7535
54492
19
54638
20
3698
4
72839
4687
8825
6142
4706
10
102867
1
69
7
264671
55649
68
8401
15
95922
47
32690
2268
31316
4418
80495
5353
3980
22825
32
64283
12732
7447
97495
9
582
18480
87499
71566
7582
53
3
28884
868045
356114
9129
8303
21
97
69426
20366
9098
1029
4943
83195
84913
8
48
5495
95
3360
2653
65
49614
58
215743
43
4186
90
949203
50241
55747
51830
58
1
360701
80525
9
46
23265
70
6160
31845
6473
63355
24681
20
68
51
9
62114
9383
89468
6002
52
4961
4610
18673
50229
5160
8200
33597
6562
79
86707
81586
504104
30
859556
53122
26074
69
71
57548
50
33284
6581
25
63052
19
8319
2852
8240
980
52
4952
4125
15252
86
552462
9154
4
1406
7671
73504
68
801279
96441
4000
31634
2150
77989
1288
52584
2562
12459
7981
17
1575
8699
65
64
82987
15
23
67
5505
4
83
3256
8368
50
52414
2467
852643
1398
61
49191
659506
2002
72
19
69153
68229
62
8756
20158
70132
7
24368
16
4480
7326
86
93
60
40
24933
46
26
8772
89072
9158
4814
65911
43573
13144
14
7059
58
4
2428
6660
63
5
52668
64813
20
31
98404
93
57409
6504
21935
3325
38451
1464
84
7
2842
38520
7
48869
83
11806
857273
158181
1986
5
98
2887
3576
43
437
42
6477
59496
29
47230
23761
5247
2987
68
94488
93134
59
21
42552
5016
6606
5680
8800
12080
9564
33607
1846
85164
7
77118
7111
63360
35347
821624
24714
93207
16366
88405
6773
7
65070
5463
55
39
44889
42537
54
5799
885555
17088
7012
67590
87
9995
389768
36
9231
20150
7831
88
30688
15814
28549
44677
83
4483
61994
49577
94
96
77
12824
15
5584
68166
27822
40791
1312
4908
69954
61
91679
5374
93
61
57
36597
8426
6459
32504
59419
37131
23
628267
8938
7480
45455
37455
240717
8338
6629
52
0
37399
89984
16
7315
136
9213
80594
2802
9788
838726
88
74330
376834
3310
34
64
8819
61
2547
33508
767048
953
70091
88663
9593
20
46
6820
79617
7978
1418
4375
3209
41724
75900
4478
29257
372410
45232
859330
36125
99413
63
1585
73
8105
83735
87204
2521
6
3337
7539
34
20044
80218
94033
55392
71787
7
9578
225479
73
102842
81825
202653
41
2316
38
60311
97
95
2
53252
7224
9328
87
1
2685
117606
36463
64287
9703
654046
22681
975248
65727
93959
65312
82
4707
5876
49
42492
8773
77
9160
47694
208967
9
42
866714
9412
0
8492
106559
64
4108
73
2973
759643
70503
41469
12
58
26
88
3047
8464
295076
88352
7325
16209
22536
9
69
540
23
4821
6
5
67603
6490
36023
5
8779
53024
2
7335
3
79018
37
6256
68
84843
9909
14774
9939
92
91
661539
990700
68831
17
2949
3380
28
49186
54880
47
8
7860
19
2508
76998
87030
66348
21963
1323
21716
45
24538
16058
94727
4
18
91151
92
561385
38
23799
85953
1
84547
7173
56969
80
12258
16
14471
41
45
95492
10248
42
78676
24641
26295
84
2514
49262
75
7074
54
21
2417
336415
2580
4
62
21952
1053
41
18002
3641
48777
4493
17450
219075
4067
1915
84812
6268
6191
7454
95
62590
59372
51
92
14
606722
808728
596538
65855
42
59753
34
76202
8
7090
39
8532
8
90
9706
99289
65
70838
4
1580
12
8
2757
46691
27199
7248
23935
57518
3228
6
7037
86208
20895
7329
25609
3659
92121
84196
47
97233
7634
58168
25107
87478
36672
3068
97
5234
78
47646
70
68393
32573
3501
3456
41830
93
56
9434
40
60745
10497
102746
6
22
1077
313
8094
39628
31089
4089
72726
45698
65576
4
32
7622
68
68
7795
7696
8
5
55825
93086
47852
96078
90260
8
51
3514
0
14478
41674
8445
6179
3317
45627
0
21
25625
73
54
35
23916
9044
50420
9
9
71433
305211
28427
30
730
84589
90220
70
336223
339054
8
6
1254
25102
84884
1
77
7994
8462
55366
49672
53
90920
25917
3010
512900
89
84155
1758
16
1
68
40
82040
141377
95206
11355
442
88
30
83349
17625
29646
65505
13107
7269
6730
39666
22
6787
7424
5549
91
49492
1139
29
32
8
51372
5612
94
3
72443
1905
805770
91488
51144
87
8152
0
97643
91818
18302
911002
9312
16
42322
1616
71568
65995
76765
33
4710
151
1569
6
44
25
4454
96628
95005
62
98
43455
994508
2274
51222
5074
12169
1513
96
91
83
5142
99
64
12231
876805
62012
8586
38560
26875
62
79
6518
37
47
6124
52
297841
5938
1
7405
42
8
2793
3827
11
9085
505773
416226
6263
416569
35
64492
7
599985
98
650444
94
5436
0
21763
47243
87924
6370
43
96
50
19923
3781
14
4
7869
83804
31886
2270
64125
7551
44
56946
50
95
7114
12232
14822
28709
64886
4130
35169
2437
4
71630
25
52
29
4828
71798
98816
224882
77
65367
49
14
47430
87580
9900
6702
81511
25
22
7035
79233
9
3190
9
6891
50
71754
4449
73082
9
3401
728706
26108
9785
90
1745
12
9301
88
93252
28966
75815
6644
59425
57510
60541
88064
52
23913
1
16115
9624
61
9515
49
4
9813
83328
8
8783
5256
64115
47
51254
60
6076
37627
5681
7
55506
2644
47
87124
85666
31029
70271
3350
90446
64767
1342
38051
20881
795404
18156
25
89
8071
752738
9921
561389
11
85
9963
4219
2383
78416
7231
47
87
83
91672
3
88549
33125
5443
412143
7465
3874
591980
44435
6439
9252
6
58716
8171
8937
9084
8945
18
86505
6812
44127
3130
13445
1940
235659
2
75
6732
54374
1631
33
6309
74
224565
62
3
8317
4732
58915
99
177248
8794
18
14637
74
63510
70148
66119
95
64866
495143
7
456844
9773
5559
49
1115
78484
310145
6
6116
8662
40
35
28592
4719
2945
387
39
77378
8
68
9534
7658
8861
10149
91956
73
54
107540
57794
41521
7643
5139
3323
16893
2853
62741
9040
45284
30
9466
56887
70684
25498
115257
4785
600083
6851
999604
97
239461
427692
347640
53
4
280146
60162
91
5
2232
362547
6395
464076
4224
2715
81588
11
3679
23606
2571
28
44
79668
4744
9819
30
54
6954
7
1
9105
254633
5701
5281
39
83
92
7375
7983
98006
24429
22172
7
650386
63499
2480
998
80
43
12662
6917
6806
88326
304408
37813
4999
13015
7894
177210
1573
38824
25770
6012
23963
2676
33882
8
39
29
8976
76721
597
33667
96817
81
61142
26973
9
1722
6423
1808
2712
9305
59
85
6
53273
580624
0
432511
32423
1424
13983
96775
2540
3978
3479
6198
86129
8795
87
25601
55
36003
84
7
38
9729
8554
73248
71860
4699
864871
9
24683
21424
68
61962
32
716
65
3917
6566
18839
3783
4
3861
91298
7514
61276
63581
4728
73
4003
2462
69221
7616
96038
41128
63
674889
8453
48992
29
252447
2
52490
9523
9089
35
64591
169260
2282
18
6333
36544
92241
98463
21
73661
15079
62
8301
61777
35866
7191
5392
94
4427
434993
26
73
19232
87
4
78
90044
44
96
51639
44021
4935
44
94826
5824
47638
36348
602743
23
4087
12373
71
95879
21015
1338
43
299
5895
6097
1533
1484
8
2524
19375
98203
6492
55
13
7
65866
4301
65
81
1849
94800
73370
5211
0
9824
23274
82884
46099
99
80515
89711
88227
31
66111
34
780866
834746
4987
1223
7
673142
39790
82
46519
53941
98709
2564
2978
14
20
2
1140
0
480553
57260
14738
86
93329
79
28518
65835
16248
33329
53
1653
60
41776
898455
4885
4018
582381
8824
18729
5932
6
40
1425
1068
25416
5
453
83405
16038
452121
97562
38259
22
4448
45828
6426
3553
1356
4524
69972
47097
75
25081
63899
88894
2
16
19
1213
2518
6114
8
33977
43305
7858
59772
7822
39
4772
54475
7601
20612
79481
53219
43
8600
71
191882
8
7503
882336
93
5583
7
6010
7147
2747
17072
7891
617431
198038
5282
6
77512
7823
71452
7
62
22452
91
6111
82239
3383
8304
53
67264
37
98
4891
9229
99863
15
81022
51473
3527
3385
82
8766
64695
2083
87895
28789
91426
20539
8815
53096
9591
6137
3
1440
254
4520
6
495484
88
94538
433
920998
701712
35523
13
6
8535
14
403491
4091
2297
64696
7193
6103
12
68
12814
30
39678
61
92
925281
43160
6
49
24822
13
3526
70191
2019
16
25690
80
53045
7
5
9
1589
11
66336
2147
972415
61
58812
72
82103
7
9822
28
995699
66007
757816
5270
6
75664
2777
306285
9165
77
16716
7
9055
4395
27987
1151
6488
69393
1237
1149
5839
12
51
8397
52
57173
38
7146
54129
16
57251
61
74424
9
90149
6757
33
46188
2429
11770
43152
8745
509560
68863
67
1402
70
768346
96733
4323
58
65161
4
6
6497
32
57
8488
30544
544181
44
1
4945
96
1
19786
91903
87862
20
847124
8633
70018
86932
21550
23
59
2112
23
6158
165843
5523
82549
99
87
60740
76015
57402
561560
18
3952
81499
3303
1666
92396
5413
41
89332
83
31
26516
78281
0
48544
4583
9
20897
24
9641
76912
1253
2
95590
2046
5571
91277
34
7347
150897
47741
12449
70634
3475
23
8
79
93983
7014
338847
56
6894
18
6689
81
99842
1658
6520
8
5502
89063
5077
1
2942
8081
23472
84449
75
52955
98240
2
2761
30329
8796
7
9126
2
7971
157416
71
8
28
69365
3459
5389
72261
1111
57
1962
231561
98
37844
15330
9558
34464
11402
82
44
16
44
2827
49955
92
57
52
92973
3
8
67
6044
92
2137
498
78504
5912
9246
83807
595879
2818
96436
24115
954277
708822
59
96
8919
1212
8
837816
8
33435
6347
7516
73
60
15437
26
6429
46835
3194
55
66420
36
9
52207
92
3946
9082
65390
491958
55
77
50
20
63100
797871
6246
52772
85490
27005
51810
21
62
22
84
2452
66089
58
43
7
1
64
3446
51
61
83845
1732
26911
48
47225
18743
31297
1726
6447
84
73
27
872082
3734
57414
38
98369
62299
1
5328
16771
14
8873
3191
69
1646
6073
70
9192
8373
74
5428
41481
54
72
95
57112
44
5
67948
18929
5164
29
33
48
27
36559
48626
656540
9374
861589
7867
15136
42974
65960
428993
17185
82
5295
1
42
88
35618
3847
51398
45377
19061
60069
526301
67162
1168
32
94
21
90
51554
6908
329020
83
49
84
0
55
55314
99888
731578
2
3397
5165
8039
12183
24969
94
79585
4869
88730
4701
4
49569
47
9962
35904
70555
31827
76832
1466
3290
35
8
26419
44448
24
9639
4322
61
81955
41524
91
67626
9990
0
87
5146
6174
55196
8352
7966
2018
98852
11
736
5902
96002
66
8564
8334
54474
15981
35759
8913
4122
94
963326
59
3375
8975
13
18938
81
3
59985
13717
36804
4498
9043
17699
3202
83
26409
55255
14
5988
7323
1186
4
29
669
293855
82
22
10
4
15772
23338
96665
40
8980
9
3217
15
50
18781
68542
7333
57
68084
20263
3427
13580
42030
38
91
3914
80897
1801
9681
25224
72
94422
13469
62005
78
83
8952
153241
30067
288577
67
21828
88139
5858
9
15553
6181
28
77
3417
70573
5379
41
37547
94655
4
73
2321
70477
45616
0
34178
8841
2103
77
29208
5621
90
62
46936
56
30669
85256
3234
92233
17837
25001
6385
69
94
18536
6
67704
10516
4577
249971
48
1099
75528
74
38
1072
685689
198831
85
68535
6698
86
43
6418
9088
76
25666
29599
88470
515587
24090
30
3988
74027
30264
5940
25418
4409
14
6115
86
62
55
19
58600
48
27
28
1506
9
2005
91405
4
2894
69
3609
4
78
9
1898
75022
2574
8330
26080
495932
1
90172
81231
1450
50
5
91866
5
804655
273635
688904
56
1389
7
1651
9038
5
3496
68
55187
21
72924
35808
25
2809
52
5425
4
87926
5780
4745
1751
5472
6354
89852
84577
3
84
5826
9405
7342
2
7976
9366
8901
4914
4104
6
3
20866
6467
3238
90376
8
4904
95
93
63
27
89
16
24232
1127
69
91523
44
192901
57005
57674
3379
90053
99278
4849
74
23361
60943
335169
8134
13652
9
1056
5757
74
8236
8
76296
71
5
74
31099
10277
2807
720111
7828
73053
8030
883551
91877
20
7
98
22
6274
83
6715
4
5
89
5417
0
26564
66689
67271
76378
30622
5560
22
32
8063
77
63
48
6994
6050
65293
96668
46689
72494
720445
574
24080
93
68256
16680
89816
63
58254
62975
54
28
88579
973372
79080
70
88
84
4993
636738
43
53616
17075
16821
8011
58480
9829
4336
78
7752
54
8
21340
57813
3890
74083
7
49
63
38892
3653
54
87397
63688
38244
67766
43
87
44121
2830
39
78213
65052
4928
69409
84
56337
807585
159513
7
44606
5344
76730
43818
3578
87168
33
44835
58576
81140
74
62
68160
67951
8
24
36619
77
3240
62646
6711
15
12
37581
9668
97
140188
7532
38846
4997
365630
6
29429
44
2320
9
82408
77485
65819
11
2375
85
52415
2804
82
50
0
95
4590
48
43174
36865
7161
9761
5853
33
28
5
97295
1
1638
8
68
91
79479
22750
469752
841806
6534
41471
64787
31
27033
700703
17216
22407
9330
50327
83
18274
31
3
16999
4894
38
98
70
74456
60460
66064
5315
57487
22195
32694
7427
95368
59
6070
58651
91
4110
7250
8403
4618
37587
51305
6
676658
93295
97315
10
4
38607
26360
14495
56214
27812
440561
49676
3085
20378
99
60679
2760
2
48
2446
9
40048
56590
42381
182778
24009
10227
5
30
56
13217
50109
62
60
1108
85677
10720
89817
6480
53468
14589
1534
2277
6960
96243
36
3355
46180
8385
30
21425
27229
2812
9978
4206
5215
5
8
8003
97180
6113
40
98
2927
39
56425
82717
214984
1
8555
3924
85
72
22557
58378
5198
0
7
9876
6295
26
1858
169325
9863
756533
71245
180650
427446
24528
27182
70
7126
3795
22
55545
70443
60
2424
17458
43572
50
76321
97
5078
4279
41020
6
7707
4737
3099
46920
60
0
52683
9864
64
14315
43
85732
2677
27102
6
1871
82656
62694
6276
454485
44142
37534
9372
86107
49994
366523
70
3
87
0
92
486404
94
8369
4330
8241
37650
23240
3351
5581
2406
405809
50
98674
703379
0
70
18790
93
93
19990
27222
40139
6419
37
98993
8
27382
89437
83
74952
2128
1095
44318
18
8001
2470
4857
14905
47698
70975
9
8663
0
5
3168
625
20762
8035
6899
97421
95978
3
1671
851306
67
92756
47
4569
7877
104869
7701
1613
8653
18
6
40
8085
42255
30560
1597
5112
446
40
77
82
27366
3637
33
17675
68491
7306
580553
5220
80370
50
85
29
5300
93200
9490
8002
23
82
14
247841
1856
2054
8
26
9125
90829
66
40345
7675
2
947790
45443
9223
19
8916
8
3504
7478
2327
96671
84
366666
84
16784
91
89
8
64
3381
8784
48881
61
5700
987161
73438
318415
60
810246
9
2
51916
3784
69
425440
89800
43
43
89406
667910
7968
44498
922597
56278
83
7110
521077
9053
47
26273
408471
94287
6
47231
28
20
0
43178
82024
53395
79455
8045
99835
4854
9780
338822
41837
73
3019
33
9400
539725
88
3747
60017
37588
127380
8412
95
9287
45
33
5214
0
4895
98
2
2262
522392
9
912560
5
60
8
22627
53049
45
56702
98784
3095
3
75
50
79
2
624637
23723
5510
79
57
60973
7984
91870
62
8406
47299
1914
46255
6300
62
1903
4354
71
23
868395
8944
37
3387
4363
22
20961
30
52
52
3
4
706665
9267
9
5630
697336
9850
12054
27659
11028
72
62904
2097
4415
92
741626
894396
62
6
7610
42994
35309
77738
751069
82401
42
5354
91
70879
9991
81993
4
494358
54528
86727
70
7537
7076
496563
64543
8167
28714
49000
856
3354
21476
20442
3480
7
86825
24
7165
3
48
47
7
37
21374
1387
60
15
4568
319478
915154
32010
8316
37
25739
1
30983
46375
94
168635
53
4712
51
77
33689
286218
7713
3750
2441
69
63
97
34283
8833
75241
549699
85
528281
77160
83285
2337
5784
299105
71200
3
286748
29100
8086
91577
4113
9765
4703
876832
6760
58872
92
7937
13
2313
0
89320
7
4809
82405
38
16604
3655
32073
8333
89
25403
2700
17
18078
630
15
20
595280
40979
18418
187051
59700
6
4388
3469
36671
18564
78
89
29529
7800
4975
6
2848
71677
23
42355
45
4444
90538
52673
36
37963
97543
9917
700981
3
3
63373
3
7270
326815
55
38
3
13823
4944
68171
9080
22
71507
62522
64
96519
17
27
60521
16924
5
50487
69
46500
16552
26252
5863
62
7008
24405
266935
3134
94502
33509
622161
8222
56667
13372
9
55
9156
88
6261
42584
93
8852
49959
14957
39
59174
13
5203
77777
3848
1
60
35
206231
91
80
3554
2625
70102
38
39
58
97085
69
8336
47911
3737
78171
538824
94743
48311
520
4203
76
3543
9952
66393
70176
3445
24846
1828
1705
5807
7509
3
37
42
66
6170
61
40
3
3774
60339
69003
46
98847
58
793383
23009
6042
883837
899111
4756
4666
95610
5738
17121
60
34699
62
31578
88989
24
98048
50
9
68
12
54820
9120
570966
4190
51789
45
86
37
4
23214
30363
6667
3605
310832
37
294117
5541
1784
655458
8511
57495
6892
27749
51
53
90
83123
1
82
44
2053
64
93
6290
17115
39284
31727
87
12
759685
666
977716
43829
2511
8
3
36
14
31250
15
45
36
50
45
28303
8860
67
1172
3
59
34500
98
84136
416588
84
756337
19174
30587
9138
1442
629141
8169
80
26518
62
73613
42
542625
95706
5
92
55744
24369
83
0
877
39265
96138
97633
40434
958895
72
86
3281
5
44
8347
75
826808
78065
65
9442
3964
60
3
58
0
67174
9445
1031
24687
73693
15
5054
54678
40062
5377
7851
10511
6648
18077
18813
965241
38
89
328
48156
92
4030
16
3156
48
88419
39004
7
669963
9345
2052
19411
98812
1819
33217
28
7257
1543
78
74135
90857
3
55
1229
2621
17
9
16354
72784
76
4836
7597
9549
33404
6888
1
2876
86
80966
79
7969
73
69708
142445
21
51
9300
87
80
7409
59
188035
75
77220
95774
3939
0
25
6834
6854
22
471399
10975
3329
6916
6487
38585
106702
4
4
4825
4746
66
85403
38
74
48
96048
3546
7304
55
12
494036
70022
20899
45
45
41146
69493
28441
6567
3963
66
60140
13489
20779
57861
870076
9820
14
8032
5754
77395
44
2979
22443
3
5889
70993
65491
638301
8362
650459
53
1633
2365
1776
91962
29
8
5
4630
9673
88747
84630
6714
2484
0
2422
50
18
68965
8903
41
96515
59221
32040
26309
5
41314
20852
91
35
29
47410
38061
36870
33134
29292
48598
96484
84
25
50577
6
55
18154
16028
71
2493
89
4664
29
4
37347
1660
24104
456212
38
8037
20035
4898
60777
318055
77
47352
2
75841
78
6948
4964
68
233420
1845
33242
26406
1679
5154
26222
50225
6
96
5454
2707
1765
3776
2
26995
4507
95328
88303
5965
7946
90438
73
52077
32906
74915
8004
6
6440
78
71
22011
9
1
69519
7864
88
7703
94330
6059
35654
39
5536
14386
83
218
58
7898
66081
63268
28
6519
7391
7368
30270
59252
25
9912
3
3814
384735
4
4136
65905
5
733658
1686
47
33820
84
38
278317
96
92
51
1629
574397
93
29018
561932
365655
99
28
13955
4953
80
5564
878938
65
5
38356
35
2921
17
31
99171
103534
83729
675
27
9
2
50
311333
25866
8371
1259
48
941841
2
27948
46026
90419
74
5
689134
86
1
7
1207
93363
32263
1412
87799
64499
976492
0
40324
727380
9916
67
557750
5910
99628
16734
8
4
47929
21214
5
501056
27571
559105
2746
407684
50956
58828
2
562424
4573
649999
1
84431
86039
63416
62
4547
125617
4
395093
98491
53565
7
89223
5176
33
36871
41
738163
796176
5019
44
3
33866
83
89066
6577
374881
71768
9764
1761
996506
1518
12
50611
7747
82091
13447
66
33736
29536
13661
56
65
708159
58078
40
439611
3105
4761
66505
47261
9913
4599
584205
83451
983760
3434
499998
48
92
14
66
649578
39
12709
93
27384
45
57483
20
49
11
83
95758
43302
41
65
86842
1211
96
41842
1929
56652
19613
1
9367
57
39472
14218
27254
3336
83086
16
28
3341
61781
3
340117
19
41486
3455
935899
96514
82
87117
77832
82
476896
96496
43
71
14475
52
50
40455
54883
5284
81300
8505
8717
47
40720
13453
4539
5406
50447
84356
8
80126
79
31
76786
91
34387
25
95663
24100
39236
0
44534
20904
42
1779
29786
8188
70680
4380
25834
203280
76285
45115
4492
39335
86
67
8
35
75691
49
102
93817
8
24306
97
61
0
30
49
76454
44
33
6
5585
37
4542
65
99
48229
9659
10899
43290
99070
2
1869
7935
87840
86
85
8830
3908
46
536
77418
45715
84830
38
9954
41337
60593
99826
4266
2144
10041
65264
5
63265
28237
32438
476911
32730
9809
5551
4794
27380
4117
1793
2389
65
90
44131
87977
86042
54316
78859
89077
88705
2779
60
87
44312
1016
56
1588
10
50
35207
22416
98
52711
31
24
83
13
8491
95810
2203
44393
83657
92431
7278
51
99
91730
72779
9
51172
7549
18
62
38822
96
8992
9734
92508
2566
3911
50521
276104
38
41991
68001
4462
9634
153645
357336
6425
35
30683
759200
6
3975
24
11252
92469
9569
88
556458
7344
41
76731
9
515436
47
2200
4088
200669
9651
9190
37064
14463
9528
11
72470
11604
68
62011
10
7011
8
84458
82
0
36435
6706
48
4127
4
70084
2117
76857
5306
20
50603
3525
30
59047
35
2695
34
78265
5748
74
8750
23
7856
54136
97
84
54915
25327
33
31
68517
7266
3123
57620
3148
79387
1796
9923
1291
59000
64110
8
9573
2221
6328
38835
15603
7197
7804
10
3996
16
0
22628
31793
34
72857
74
55405
22617
12748
82
35195
82
84374
69364
1
88409
79749
94
23665
14498
4
70
8
2559
92194
71969
7
97830
99
48298
5
9768
45
4
8
57231
73
94
9
53
7729
87651
30
40858
46
62019
34136
8
116667
8933
31441
7820
1
33
33
1308
6
58980
25
67
62
65349
96914
60
76612
81875
43
17347
61
7595
49
0
54116
49541
13
84919
34
26
2250
83384
70
5897
486577
49
10
2489
7411
9250
23098
69989
7477
55680
20994
1800
480194
6065
96327
97
6877
11
78437
50362
16140
79104
94
324646
56031
9496
53
65583
98
2299
4775
3654
2050
31
77
284720
8269
92654
4146
5562
4
8312
4
68975
64
68252
89
16
61
79720
65
9
9037
2754
52466
71
306244
6469
62
9894
2
54113
2
1
99508
30
2814
4
3009
64
2
1468
4795
57
1330
42593
95060
7209
6
3855
983685
5849
1129
26967
61016
27
6983
90
49
21
2
31546
7299
6
3
659804
27049
5666
366333
96305
8151
7715
4755
89
87
12987
6709
20070
89970
6
6017
87099
59
919620
45
856670
9
544372
125594
128172
31863
84
2532
2104
81
82180
58
7735
42467
3611
26037
549482
16471
18321
1
32492
15589
4458
92
37053
92483
3974
63170
51
34067
28
1313
32
38
39607
8514
40553
13242
57901
41
47598
45918
64
7724
46
2
6
9741
99108
24974
8469
8025
69
79057
2044
99
63
2343
4148
87
4039
93
61
932249
7716
752916
54
54287
5629
1473
6920
50429
98
623773
262369
34671
11
5343
47833
2838
47064
5363
76550
94013
65
57408
97091
87
47
78937
9189
58239
58781
6075
25
7067
82509
375885
4546
1695
5706
6468
81346
52859
55733
1
60187
35726
75
61
4818
95162
70
15468
2983
29
2835
42
45
5093
8970
12238
56594
2064
18814
322032
4098
30761
45
49110
79525
1662
536813
19317
57
93875
42
8545
9
5924
87
9022
3014
0
8129
892818
31083
72511
95164
4
9
805185
80424
99
32037
18
23920
49
57261
95484
6569
454898
4
27
46249
45
61
35
32786
98
3918
25
21
1
39
2078
89166
12855
98
18
82
5190
8931
54
33968
85236
77069
1900
374745
307197
74576
37113
19358
32630
70817
97217
98520
3138
3320
8
52939
61
456573
52137
76
8354
13062
44789
15730
64064
72348
33
96
47329
82864
4
93
7
57
9
21
2487
57605
18
55
4399
30401
63
6
8340
50169
66370
85284
8214
9795
78414
76936
51800
5
20
78594
91
6147
9595
29
1017
76032
39601
40360
31017
88515
69415
1
8
78
28436
99600
577345
136791
22
46
41381
30665
6
75372
72507
6971
89
95412
63494
29952
2
389970
5983
68
55
1
13
4769
4525
77
20
1603
19940
85
91826
2773
56
8460
37228
48905
81208
71406
3167
837265
71
71
2445
5688
79
46
9340
10619
891974
97953
7
7598
37451
92060
2099
45
29289
79
1
95
14103
63
84582
6390
26185
79
9
47
938783
93858
71727
35
12949
988963
5210
70238
6690
5
86148
12193
33
70278
30
68
67
1760
4065
4264
8651
7577
2
56621
77271
52487
73611
22
98216
266628
5
5625
2454
25665
36
200438
8093
16971
430358
21
64690
78506
5570
5962
994461
2549
3388
655778
2512
68
8626
41688
70712
4304
61272
4517
24022
1299
426991
7
18
6
71
88
84
63
30594
47
52
70528
2
23
1182
21
92
69
954676
31728
19
93381
60520
415755
21157
6741
75
515972
9
7519
4576
1600
22
827341
49
78439
66856
40
506757
13
33506
74
39664
74
5222
9124
95
9666
88
81643
55
71320
15351
6528
254165
516342
13365
5860
44
231633
69818
96
51
611101
8934
7591
4565
2952
2377
3347
3900
87735
2800
5500
63
33400
74
6884
57422
8
26775
910985
93
3131
86173
5206
3
9677
5107
38
9929
6656
48348
99023
77426
34
212914
1051
82418
14525
2582
55829
7
7070
4344
2
1
62
4497
77652
45632
842070
362507
93
22
78
193161
6
9076
59114
3957
48
52
31737
47
1
75
95065
48975
80571
4441
80213
5
243285
9866
7441
21
79
85
9
80219
5355
6252
7309
44826
82
515304
619378
9362
6474
75526
13050
6407
0
19112
273460
8431
8676
392461
90
2856
77
1118
20
7116
96773
26286
62
19
78822
8277
26489
3651
9672
3
23
24353
1
524078
289530
4
27941
871267
3164
7956
32889
98
86
38
79214
4168
5132
697974
9
63
61098
6
47
6848
31
1884
24228
1315
2123
72
36417
17226
89
65250
3
94
39
5
4141
7638
45548
9
788
57117
1667
34
66657
40270
9
67192
9279
81
47240
76175
4877
97508
8359
76
7953
45
1872
43
99178
40711
71195
8529
45
4
9915
75385
12
2
2189
59110
77105
86
48
729051
97
81527
67
26713
39258
1
305099
41
6925
11458
2
41
4496
53596
74278
86
2
46544
472516
80166
9199
7792
59745
95516
67
7764
65
22
29701
1171
75729
26005
8448
0
26
13
2765
212
12408
27916
1185
96079
91
31006
25371
4037
28
1
86040
332201
5694
13
43577
56338
0
157968
6185
80846
2
53944
7398
593692
66
4006
13975
69602
4875
22534
15793
9235
56
44
10
10
27
35409
25
61299
69
95172
63232
70
31473
827502
57854
93155
31
98183
5582
26819
2213
83117
81819
58745
2971
99573
12151
743221
5
4842
57
85
1835
63087
36918
80
6409
5710
178291
55388
67403
24
6156
40819
22577
39
11327
3076
3
5869
98230
36
74544
90
3153
1688
5178
2826
92418
7560
15815
22021
23021
83
68
68969
98913
78
8523
6623
9251
743455
759341
57753
89
51
71109
58
680870
2840
52892
15078
30
97
603857
282900
74590
34123
70254
37311
13298
6161
85998
7271
52
7148
2234
79580
8102
24
22
80
9
6958
7570
19
28711
3731
72
41444
89297
62984
51
77562
4614
188714
23
93
49
91012
90
45
30346
23301
65553
8
660797
69
793040
44000
31527
26434
19968
410658
214151
6788
80095
42013
6163
8489
96182
7
82
80
913133
98
923459
973353
18423
19247
39814
99092
8
742590
67
18535
6014
98
89
158803
5090
95519
9248
21
26
4207
786275
83821
82
9035
84806
847243
94425
40
181075
49594
73958
4328
184695
40017
72764
0
151642
3055
9
94
7058
54
28514
1919
927
77223
20593
6080
4691
70
99611
28
6607
695915
25
355932
2
23441
88
3712
74672
69549
37
19
56
78487
7033
17515
17219
99828
21
4
65375
61
3
56
678580
17097
88767
1085
7649
20
80
9
15784
81
6377
7
14
19051
76085
6150
47
3
43543
4068
29517
15042
49
16522
5974
911165
96474
80501
68014
11996
8
57363
39
57041
98497
944910
311105
22589
87486
28
6393
343655
91
23
68
865408
86553
68298
9576
50
93497
25
89363
3
1594
219526
80
6
65894
91043
29220
52
45732
75037
3875
23522
62547
289872
83
99
8
75582
75
673035
2
44
95
88
2347
61
94459
33747
9163
98478
36
6056
14
81646
37945
15257
90339
55
5128
68052
35
677011
16191
38559
8106
489025
8284
6209
8474
37383
439275
32915
16204
90876
23
43390
6219
34677
91236
13
72944
317178
5740
4451
7793
1075
11183
76
1088
8
4634
6
1020
56
906072
297848
43
36
60
7175
2027
6244
502554
35136
95379
12
99555
70
3330
22
6211
114802
36200
91932
7965
93919
2126
1702
32682
80280
4182
47882
35
57157
80
5575
9112
16
55
32
94375
12
88
80898
86749
32547
1735
15163
3971
89107
992081
5802
38455
6
11
9226
201097
81
8552
94073
32890
43
44702
3
11101
30
60
45070
48611
38
30965
26394
38882
66
9
14078
68
8595
1
70
91519
942064
69
65
3183
8010
82855
72
4604
33788
71416
88551
8645
28159
3793
597300
5493
35569
4236
88351
43357
30
11887
59514
54313
712858
39
69544
59133
4
53587
16
4555
51
34965
47373
5
18
57056
98
138431
90
49473
26268
3052
6324
9619
48102
850271
17
20891
96
99864
4364
56870
9168
44
42285
90
81
4835
3
60
6512
73
6946
98
81
2315
4880
9263
13
30588
7913
28027
70061
5973
4889
2988
8609
99
707287
33650
5
86756
59542
193419
23
5813
22229
4762
7980
8823
1282
31521
6399
115128
93582
68
7712
23
80
64479
73
17
94
43274
25
71235
61
2
39
46
45145
10
55836
9926
4359
2000
6722
4787
49104
28117
7154
45578
1946
6
55
10643
39835
55
7
2836
1
41
26626
8874
25
12
41169
23
9191
97014
3135
9096
35094
82
83
25
93
2
9750
97603
6762
18
240058
679332
94260
66
46
12
32306
40531
4847
1893
2601
66
10
4360
1
79914
79422
74776
9533
46
7502
17961
7
91
81162
5
96244
68295
89
66764
7313
6627
679457
69435
2179
3
33536
84273
72694
82016
2295
9005
72986
2201
76944
7
50
2720
8411
8118
73
88309
6712
3056
6348
697073
57481
4972
215986
9200
96228
99
9
3046
59
22299
9499
34540
19037
0
1226
7710
6717
51
2278
99014
63551
68
43
91244
3
94171
81016
6616
97164
92849
8
1566
59
45321
4
1
73
3
75239
94
86
5061
689716
34
34
2478
98300
88
2284
8
21
7498
1
1058
66411
9953
96
65
96538
68
8847
2768
58
92371
56516
1591
1956
9137
78
4514
96
69
64220
65
18739
94
6416
36
72935
174324
0
54741
31294
7
61083
9695
6389
28
25580
95751
54619
1176
8537
5919
62625
90
62
18286
91427
3711
25312
44271
13434
6572
9
68
587090
67908
3
538227
80690
99
13241
23354
8051
582493
4010
0
40987
43280
94436
75
11
40
3245
22314
1904
31
53758
74
52
91
3112
86858
86599
74
75231
59
940275
14788
79
6662
63
71521
88215
21592
30681
4834
47
40587
5821
69
49
5882
90
15056
988489
2120
26
40
83
83068
61090
58
111753
0
33
9
2384
814699
48158
47551
77
54562
78
8386
251834
41
74186
6
51408
5
91645
36852
4
704696
69447
21023
2134
52
55948
90989
9274
34744
655320
3411
825765
4169
4501
48
6742
95730
51749
0
62964
58722
46035
801995
42349
750607
1
69
3760
77111
32043
34953
54605
827689
38433
6844
63936
78
24
4309
77988
310050
38
4
5330
62628
6251
3865
13
65257
5658
9
55769
7825
7112
2
14506
97883
2494
2479
62569
554689
56
178562
126588
563866
3282
80
30927
69
25868
3133
16
4929
17
5471
88
1
25
94794
32074
199000
32
37987
5589
10
6637
166087
9016
795785
253448
9180
6608
71364
746728
75
35994
73562
14256
81
8627
28
94
24948
68
48409
75
8
72233
61319
41465
1034
44066
8209
40
7
36
14
666951
70492
55
423770
454
9616
72540
9
9269
75
42
14203
15
6
5415
57018
801421
4408
7944
27888
78700
72
7837
9908
2
71
8
9
5089
90
863897
85
7
89400
87002
56
9618
165060
6795
6355
18873
2458
561050
21668
34
92
5
2
75344
69
83
26
9018
50
80
14595
85958
42235
20716
8351
5595
81
8404
48
16044
43
73
9508
274464
58269
99
7083
60
50
1657
9003
244899
8218
7259
88
88
49887
32465
55670
45801
35
45338
92293
95284
92
5429
9642
62
76473
560205
8069
2260
13500
85585
180479
28968
54
58
1974
294951
400356
60
54
9413
69590
55
65
75280
3
5794
14
68
9770
24320
4016
29518
77
33201
74836
65148
43
71
94871
256482
0
36
25
14
5322
71204
63919
52400
207571
79558
43402
86572
63
28950
3910
7624
64
27
19891
36
83301
75993
5067
1
1199
28846
5
39
1562
86
70629
76122
93
29439
409720
6
1
21586
89
63
38
41285
64625
8890
9781
32
5267
58
24
8
6
6
264340
78056
29
15200
47
16571
3436
0
62
14409
94135
48642
2896
1
814603
3
80326
56
2755
94
56083
43
46
43380
55
38
92993
9794
53
59
661626
48106
99229
45
47251
3583
4622
79613
39539
57155
56
98324
50
270596
80928
77563
9614
7280
17894
1
6001
9464
89187
34
16
1544
36746
39116
55
9433
33
43437
822665
1617
60724
12
41668
66
972693
1522
34373
9
21
8827
8705
93
27672
92424
38
37567
74621
32
15544
6358
370443
25
81320
4446
4
6663
34531
61
4274
85
63969
31
73178
51707
17556
37432
46
5334
0
46979
16422
5991
39
55236
87
56
81
28148
80254
22
7
89007
556983
65080
92969
67
35
16194
6531
94132
21
81096
15
20701
544020
80
33
26327
22
9960
95261
22415
88946
7
94348
8
4
438384
31673
847549
83726
6102
2
93
38536
1399
25194
8603
64
72
14425
5119
161459
27299
623785
4
766471
0
960922
9815
98467
23
59236
4144
11761
7506
8254
71
59
96
3772
11914
6157
73846
87
32518
57330
40
45
1964
5779
39
1504
5245
17
64
46482
624075
86256
78
60
73033
38396
3185
28
46
7446
9901
1
76886
77857
64510
80
3
18968
93431
90
93407
36545
86381
27994
40
20
71
82
57079
5751
85565
50
449055
4
19802
4027
16136
88335
6
63515
23
65624
31
8109
74044
9195
7
3672
6
221003
7740
15418
36114
57656
77
89082
998800
340429
54282
5464
51223
58
46
913507
2656
93949
78
7731
14680
73
89239
75583
11
52570
19
33
95
52
78
24804
7629
29
38
1880
21
57
60899
38603
97052
80930
158600
91649
14359
80
70777
60271
3199
9
2751
6072
60
29705
94842
3916
84393
58976
14
53
18
9347
2
22
19133
66
77710
86
27290
3664
34688
38461
87493
16
1714
2
2568
94527
70704
60
73
6612
92399
8581
84
18
54
73981
56
6
41261
77
5
4133
58
72875
60298
9844
86689
9479
31
9455
7371
29333
22174
67
32643
4808
73
35
40
87757
68
42562
6431
50123
43624
12494
8790
82
23176
90855
73731
7
23
99257
46331
0
25852
4748
83401
8282
817869
30470
515527
6133
91
15
956883
68918
3107
32154
18368
484673
93962
2778
19009
43674
34818
1524
43
61429
1925
49
2791
20
90
2028
40
6513
62307
20
1
2592
962789
36
67086
4
8967
62
577863
31860
243682
50
10765
17605
9264
11
80666
52
801091
2851
93
616004
7124
8052
37
78
22
7760
87
18013
3733
65
4
443844
5713
2523
9
46833
34725
94613
9663
10
98988
91
57732
1558
7
16
22844
5
85
15173
51
59
5124
15510
90062
61
17949
65
76
75654
1
78585
2795
82393
22
56593
57
73
11
7865
55
5435
2504
27007
40411
90674
1
74
6
3348
8
69
11
83
52
80
2
60614
2638
95855
7536
175668
1232
61875
73
5316
15492
8624
2
25683
9009
87035
47510
9
582331
86
96
97373
23
59
53286
42
9950
15
11
54093
54
97
49509
2
8534
76823
95979
98688
2360
6842
2605
65
78
898475
3832
35522
2
2977
58587
55
47457
62016
9132
302581
80576
63266
75604
9228
75853
49
124
90
27558
5776
8
3082
17
41
16460
88
179870
91
20019
5135
82879
3
739592
97945
59786
3413
978923
519712
33
94906
3
2
900876
9317
7
8777
8994
79053
3064
73147
11535
0
38153
1
5072
40653
868950
41662
41695
62658
81138
73487
26918
9211
75969
6090
413272
934758
69
61944
94
2
50530
49
16
41686
2125
80
3
2156
59726
10
53
8268
3976
8991
76
643487
18
1
42941
26951
3
4570
12212
59515
40
3334
983148
8349
2
88
463547
523862
52560
45
29677
3594
4077
93210
94146
26219
97
39
61
61517
49
459199
0
3723
258867
16
6
1041
270011
498118
31
3257
14
378336
57485
93
42385
10
18
5041
59430
88
4445
39001
62
16617
89512
13
36715
12992
51
28531
60222
52316
36633
4
92425
5432
66
68
88696
34
24082
16851
58203
49580
33
8691
30546
92051
3
8107
4698
84
2
15290
29665
4
7009
5696
27
335676
80
767420
20
15
69804
2369
10276
8693
51
8
2
21066
4958
79859
2085
96745
0
29706
65
69933
42
3762
63842
24049
96426
72
51293
87
37796
3
66391
46
7558
7553
52629
11
90
99
78
72267
70
35714
7330
797358
8
69680
41744
14180
389000
414350
43708
40
77
64
79
92192
1502
59277
64429
619356
71
2434
96
44832
16223
931017
30880
58
64650
2116
0
20
74
6996
25633
4491
64186
94
8320
84
981956
75
89985
6082
45977
16314
33162
0
39
4
1003
96510
5819
7
4230
8186
6626
35
82868
3271
4652
52
542166
4598
9527
2937
3
6750
7397
93
2333
57
7
7043
2082
2090
53
80020
9183
1
948
5299
9
93
93
2
82
92
78651
1656
33
82740
88203
98
88271
99875
724024
77
55482
69
84384
68512
70554
835119
7524
48833
11707
451057
6411
89762
67772
75
1981
40
48670
76501
54
63
91348
9482
44
60670
8549
32102
56299
63211
21917
1803
77983
62931
39491
3927
49
22469
82456
5518
97670
34821
26369
99
9
24695
43918
8893
16
733329
296112
67481
6669
5408
42780
16158
66143
77
10
52914
7236
60524
27892
42784
43797
27608
8652
320296
17
517994
25333
98
43232
316740
1592
84
135778
5235
61
8
852154
56059
26
949024
8752
54669
24
35382
0
2014
75327
52720
8
182148
8056
70557
72525
81
26283
46376
0
93704
2414
90
59
9121
45345
74168
5
44991
16
2497
0
7288
78638
88
20228
23
4
79
8247
74568
5761
27163
53
811442
69681
9
53782
9
90
16
8
54022
23
147
14611
87139
24
64
5982
9554
4373
35137
92
84
491432
12
53140
14
58
9774
63024
65060
683157
57
3120
68
95846
435364
2
64165
78
57296
33
44
71174
19879
28362
3177
261753
70890
72744
1451
677907
97681
4033
49850
8456
23879
80
8583
2
9093
9786
74
18
64016
17866
39
39
1821
34761
97
75094
97037
291351
3295
884886
8
907726
51
7399
68
91241
76
609621
5996
5357
93194
80189
3
290489
89
51370
52
8834
81200
70510
9796
1795
20767
47131
6118
14
98681
86298
34615
8228
1811
11
97
54
70615
0
85
598295
86982
76335
92
51273
993699
41
79
69
23
70718
8915
904790
63
91
9029
35
75
32
12121
27480
8839
7071
7
28413
51
67563
2
8146
6
7833
33
64440
93619
4
72
125368
25
5
19
64
29128
1047
709205
64
6936
0
17063
93655
7546
31
1546
57
19
6221
6
52473
72898
360679
17351
0
9833
33398
37204
21
989981
217024
427739
3058
1606
64556
2
5787
57016
6739
84773
98845
4853
15482
56
5384
120740
875686
75799
55163
84381
88
73
82
66
69
1861
16961
7644
2
79
40
4357
7
63931
95
5098
4268
57
313225
4
33159
9981
8
58285
1
894766
62
44425
48424
7633
39855
36937
93108
9522
79
55
7589
5682
9
54917
1305
5989
70732
74
59
800288
2
833831
10
89
660139
2749
2
52284
7906
17834
38
2048
14691
77
314344
79
7235
5232
47
72
5
80
32468
70
6117
79
26
9
23603
20932
82763
19549
1532
4467
55
3398
35977
35
9078
216368
7796
40945
38
9045
52873
7
34772
75
82263
27184
14615
3764
5528
2950
64
44
71880
17
29029
16
3015
3395
18074
70146
3
34960
1005
7868
25781
48781
21914
60205
9417
76311
79
6530
33157
54
26521
6314
11719
78
68383
1
24
35
65
8
83868
2539
57
4
38
16
598286
79
95378
45
8144
26053
52382
1721
37265
7297
142212
37033
6
82028
341370
3644
2025
145392
28112
91827
988851
44229
2
3937
79364
91125
8008
55717
28
80671
83409
61
82963
44
61
45
38
0
59770
54
14
61
51300
5
482793
26
15
10632
80744
7080
35
51
86540
42803
75263
15
15097
33428
79
4
1818
13299
3856
46647
15286
39
21685
2924
30
56696
75519
46110
8
860053
80809
92172
5230
91
97
85
2163
9
19431
262752
56392
39
5
75
8531
93
9897
20772
47
95235
17593
55
7453
58
8560
9150
411410
7
21278
6843
43
678440
3
40
7032
4404
83
13731
1079
6658
6
57
70218
834026
5250
57716
6932
92816
1436
1
92
88498
88362
90148
34006
89598
20
359396
76788
63400
38598
60003
94
60274
13529
8941
3841
14614
6828
63833
41
9772
30187
52
9393
23
15943
1
79
77488
2092
422262
58
8
96801
4887
5765
54923
1
745
589182
85729
11
8
14161
75
8493
90817
5290
80226
53027
17056
62
797634
60
41
46116
9
2
847299
91585
66
14
55540
31469
89505
17
98141
20123
5331
36
81344
9756
49
1634
4244
8133
34554
71423
93
1170
38336
7316
27623
85724
94966
6
54
1
510619
61
363724
50
51543
94007
415012
71315
39411
437986
3
3663
9161
2689
60
81602
82
72670
78
75287
53
75936
79
25
87
89118
30972
3960
47
809901
240538
65786
92
32071
648991
52850
20114
58
64753
2725
74047
68
50
5588
12642
32516
52780
79970
82969
24
1957
567410
36067
696509
15800
30
90314
8716
76426
84338
52835
50830
54
943845
39
39144
44962
72990
6242
27
6
406333
120056
6
81838
737224
1
69
57932
50
11
294327
84081
65402
2
6
82
36
7222
87292
15
28944
3791
74
95
1
84
85473
87
75478
164838
22
27390
42
88
54035
9645
3463
66
1655
59336
87218
618978
18
87
21146
61250
22218
9419
11
2600
62
4313
89287
72
6841
79424
38
51691
40
4938
1362
9
78
2132
679009
39707
18445
56257
711739
26197
7393
72
87
3012
64088
2593
28277
70
3344
31
29
69
34
6432
47934
51699
5
33117
486990
72
3500
660031
4909
14
63729
59
2135
92
40113
667357
63
1037
56697
69
44484
14
72
962708
36
6451
99130
40241
96
85201
1
892620
64
75
61965
50694
7699
44983
37
24947
94740
4129
52518
52312
53763
33220
5228
21428
89
17359
4871
27552
920476
89
6
15
2862
51225
1
39683
26842
10
72
262806
70700
96
14540
818670
48963
4212
78869
17963
24982
33
35586
22
1
75437
79171
70
12148
8851
56
284184
25490
88
12
0
5
3846
5986
226391
7223
2062
93816
27879
34883
9
39281
50
7160
45
61
20826
9940
81
34543
1549
31
1
864622
97231
89
33
5485
95562
2541
16405
72
57877
33
93
50051
1346
13802
76669
80
691169
12725
77808
304149
81
84
4
5307
2
0
89521
67975
95478
47
9052
8387
53
83
507847
1689
83
2603
58372
68135
21615
915039
53
135966
876517
68653
0
34003
82480
20
0
47
91289
17744
30225
48967
947794
74777
81
6
0
83529
6968
6422
56679
93709
57382
90
5885
9379
51875
25713
27
53943
49
60621
3725
46624
75
31
777782
364678
87
71
94634
34
53
37569
39572
21078
72
415541
86584
88058
16
48265
1
8987
75074
82196
2206
56349
36681
49362
86785
16741
17613
20540
385662
623186
73
2
89969
228438
48255
69
600040
7
64
21956
100195
5877
76994
7065
793180
67
60833
960670
19060
3603
9946
11360
1180
7118
8475
7196
660322
70505
47
79087
1265
92590
49
81026
2531
7
76
24000
88518
39196
9737
33637
79853
63536
98
9
92
2
7201
53494
46
92
22
41687
31396
83133
62387
50
75505
0
83399
9
3
52285
957957
50
56574
14656
60940
66
8576
52402
85631
944053
9424
47300
50995
1
80
5828
6164
18769
53
4099
18272
66083
37
78078
48108
8
62733
3
18652
2775
32
589175
55064
76569
43
67249
474376
39
2
1966
17152
7356
94931
7420
8260
34
97
35
60
39
410324
56
10
0
36758
52647
24442
99315
98919
9149
35
44
96
82810
17655
5309
17
62148
625468
11
14927
86
13
26267
99
76658
13593
13915
11
2831
24
78334
56
6145
12097
79
85273
6
95
78253
213061
77374
98
8
88837
597689
2449
91
3666
8044
0
9
2714
6260
2784
65395
1027
92669
1326
57
9839
78531
5943
62
24147
6
56259
69
5803
34
62615
164072
16
314934
27685
8
5082
34018
74895
32862
66048
51570
59
99690
17569
313156
789281
43878
81
1
9650
92
43425
11935
34
7
76204
10
4729
24083
948086
84
750741
63874
9
9017
47
76
62
4043
3093
414104
68247
934668
0
94349
39
57825
7
73921
7458
76361
94
67
3
37595
738597
20
44
1
3237
4
8
29
13
9048
42306
15710
333771
93761
40960
2
3
69
5795
21977
6909
80806
5037
90758
1895
81
59
53
6782
55
92
680628
49
78
78
65
67
8513
25709
58031
954622
68935
19
4
80
2
40102
8318
7982
1084
56
59
11185
932743
8414
0
75587
58
11
79
81451
3119
979418
89
75394
51893
7
4044
94
92
46559
1934
0
3230
6237
23965
42
8828
30
150350
89501
19
655093
51569
9
58815
9474
85749
62
61705
58496
7949
92551
6
10614
43212
534796
89
2878
5191
32948
3
74
14
2030
7490
2792
33478
5039
7430
63953
4648
6768
16
962173
62217
32266
97
42253
77205
97978
20
0
9142
783114
93495
322251
9516
4681
9039
3684
3357
5017
94239
85
2
726367
3225
8033
6900
20
2252
8313
16535
3
88091
43
69106
59196
9
93285
16
37
9
22417
49583
40161
70
16
8178
3
54
4397
57332
7098
6
33
595314
15932
61
5527
1669
84
967858
35
1794
9832
2898
255206
97
593802
759522
70515
87
2590
11105
4721
86
34420
459450
53
4636
7
52
84585
23
34
6813
93163
87
31
78
40
681168
2726
72
54875
74340
12906
5801
958814
29888
19
57
23975
32289
1571
43
66105
85500
22
50078
946314
64176
80
65
4786
26234
58
5601
64189
747930
5
103658
99
63617
4161
77237
5857
69
63407
0
86133
8818
82
73193
4
46
62
956110
82596
30898
2557
77577
3
3
66034
3307
219753
23
2
65729
6339
795761
80
50425
44821
484873
60
86802
5032
43
68299
9440
7967
4031
5
5639
84339
39
1235
43947
47107
11247
62
18373
35349
87
806844
72904
1
66
29
9
24
3
35282
42
23
28193
47849
85907
45905
9465
54
629623
43
12
92
38
1
7219
39
95236
55
2481
67177
84
42496
78952
784621
52838
692952
14994
59388
36
84
70781
6
47
1306
48
66
92
0
214015
1246
6615
2486
14
51727
56
33052
1913
78892
91986
96
65
1810
9
6970
50
36
16496
60
73989
6329
13
34
373388
70626
10940
529670
3097
54
19861
8
55
1
44
6506
2464
8499
43923
54084
776375
51595
89517
1492
51
13
1882
50
5
70451
4
58019
348817
1491
24
924084
41
89
34
43400
70172
9769
5242
9171
1564
4873
62205
981744
10
1274
3478
39
4283
55
83215
59108
84
69170
13
10031
38298
5
68
49544
43740
5
55934
13111
60907
38276
63
1283
3792
8378
10
8636
9387
85023
69248
25280
65
7
7485
12973
52927
65
97282
76
770552
81758
4
25253
28
17
53438
76889
8135
18933
48
9556
37702
63970
5136
56924
385617
69
14056
6
7003
403278
47709
7
75
41
2
9585
76
40146
33384
5
38857
42
9109
23
444804
1512
31
6538
373590
1
67
87
928120
49
561983
287601
7803
843841
68827
6317
881370
20507
17191
16
12
5293
19125
376283
5153
70047
2223
49871
50377
19
59
63
24
55179
91513
428379
4041
1369
99868
78
41827
67579
71
1954
49190
39
9187
16257
71
53340
316384
985244
2919
70
88
2161
16
45415
99624
10
92752
8139
15928
83501
46138
263754
72
0
7094
203472
79
2154
790279
164508
3
9415
13037
5848
2
8400
1916
4518
6554
34
76
37752
45
2542
2088
77
67531
49
2
5
408297
1643
73
62442
55
28092
63486
8655
4705
15
93587
409336
40400
87496
29973
8856
25468
73015
72757
83
14
57301
29
63564
63934
4
7693
1
69
6
60859
9521
70
81449
7056
43570
1217
287725
86
9
69
39
18167
66419
4930
9776
3
3977
27768
20673
91339
5592
640267
83
9074
71
20
75767
3
11
8726
46194
47
39
52
83001
74
43
7755
43989
153302
44765
95799
28624
9800
37
32145
40184
57
56198
45236
3447
66
4718
13
327493
92720
5
4
2294
84
3
70431
62504
30301
47
78191
5491
45602
66230
1
59583
33
42
8544
11
11102
65
98723
96
29512
1355
1621
61
80408
28
23
89312
22535
8
80
29
33853
95
57428
4
13
3
6933
10
4112
13
17780
5302
32806
233274
8
16039
58
10
1120
202159
5534
6
30900
8589
14383
2
13216
2
30370
86126
87
48
31
6
2131
659814
9811
58400
3958
2
0
73239
425678
24656
8719
38630
5
1
81921
95
54850
2
20577
8
42403
0
52099
38
80
3940
7491
1
360963
72221
48
34887
68678
67
32
283698
855420
49824
70083
66804
9687
654953
19
73
95557
6
35
11445
14734
2
197448
1704
75283
22
48
2286
939920
4
60189
92032
0
5607
42
7246
22
8
81079
3
44
99119
815619
67802
31059
51646
44926
21
33963
86747
68
9714
37276
36089
2
7559
14
55
40876
9
19
2275
88
13100
28
9
2
5600
30
79
37306
7
72
53979
398308
56720
49397
38
91143
66
51
13
380481
47
23339
2425
8539
6171
4
49388
5555
91965
4628
7253
5121
69
87
6
3591
47112
90964
7
9
61643
15065
19
71
89
98987
78
2857
2265
91
725348
25
7
46319
2006
74972
55
6092
21
20
79
8
8
19
82
593861
8021
5917
82
20057
