4.48
698.67
73.2
$700.2
90.9
0.62
564.6
7328.2
$51.54
1.19
1.78
8677.60
449.6
64.7
3.2
75.56
4801.68
8.5
89.4
$ 0.9
8.5
$ 26.09
$ 250.7
$709.2
8.02
204.30
$ 4.8
$ 19.33
$561.70
59.0
4.6
28.3
3227.12
425.2
6.4
0.49
2.03
$ 98.5
88.51
3.34
504.25
9.69
$8.2
214.43
$354.5
316.5
15.01
76.69
$74.9
$ 43.54
$0.52
$10.32
461.2
9966.88
$225.37
$ 123.21
$ 1.79
8.53
748.1
862.6
9.24
341.8
$ 7388.40
1.90
81.93
$6025.73
861.76
98.2
174.26
1.3
$ 47.15
685.0
978.40
$ 14.8
30.3
2.6
503.9
7.34
5.6
550.42
$ 6172.5
5.9
$ 465.01
92.9
1.6
667.36
22.55
252.32
993.75
3.6
0.57
2739.7
3.0
7.2
9.3
0.86
44.0
69.29
$ 51.32
607.49
1.81
$ 909.59
$ 8.3
8.49
$47.44
530.7
5.32
3384.3
$ 799.3
53.2
$ 1.62
$ 3.11
4.3
58.8
88.8
$ 115.3
968.2
$ 598.51
4.9
36.5
96.17
103.7
1.3
8.5
64.55
0.19
$509.67
75.3
$ 41.8
26.7
608.14
4.2
$403.5
9.11
247.8
79.1
52.7
481.40
$46.89
2.7
58.5
$8.14
$ 119.31
12.04
0.13
4.83
1.19
778.66
85.0
$ 6.92
307.5
4912.83
365.6
$44.34
$ 91.04
43.5
$15.75
$308.30
$4.40
$ 0.58
249.5
$8.5
588.01
26.62
1.04
4289.1
5.35
$6.14
8875.44
$ 9598.85
2.4
4194.43
$ 720.1
$ 31.4
55.23
26.38
39.9
$1.84
4.63
$ 3.18
$ 4.3
$ 158.2
$661.8
2.73
35.04
4.10
5.12
$ 9.6
$ 890.13
5.4
5.4
9.9
707.9
291.15
$ 3681.2
41.07
11.75
6.8
$91.05
$86.2
26.1
2.4
4.9
$ 0.83
81.8
722.76
74.68
$ 10.00
2063.3
7.88
$ 7562.6
2.46
$6.6
0.83
1.9
2.2
18.44
1424.01
$ 9.7
9206.6
794.5
365.1
809.07
$ 7.17
489.3
$ 116.0
856.42
8.6
10.8
165.49
926.18
1.02
19.59
13.1
$ 5.66
73.0
4.9
9.78
$ 3327.07
1924.93
60.3
62.44
3.5
0.16
31.16
$ 53.9
78.5
18.5
0.05
$7.8
1.9
18.7
81.46
95.6
214.2
$ 83.6
228.7
$31.90
5.6
40.3
$ 6096.4
$834.4
666.83
338.19
88.54
3.22
$682.6
1.4
33.1
7.35
6.74
773.5
$3.8
291.4
656.04
8.27
$ 6999.4
$ 10.04
1.9
635.4
308.64
$ 290.89
$ 244.17
168.7
0.24
5.57
$ 5.2
$8.1
$ 380.4
196.8
705.3
8351.15
$764.37
7876.9
87.20
88.90
$ 79.04
622.44
$93.6
9.5
4.79
69.03
6.7
$7.6
1.17
39.2
306.8
408.0
932.73
4.5
7.2
7708.30
115.6
81.81
$57.49
$ 0.09
359.2
3.41
4.1
$62.5
2.67
$ 521.45
257.67
622.61
4595.45
234.73
8.8
8.81
96.3
56.8
370.7
$109.8
596.6
33.12
8.55
43.4
0.7
590.53
$8.6
253.2
62.61
181.5
$775.78
7865.62
98.30
$ 263.7
$ 14.5
$1.27
2.41
$ 97.30
30.67
9.0
8.3
9.6
$ 6.01
35.68
$ 1.54
$ 907.8
$ 19.0
752.17
$5.04
893.1
100.71
872.1
4.7
3.1
$306.9
$ 1.83
21.8
$158.90
4.9
$643.86
6.33
$713.9
$ 8952.6
$68.73
$ 94.27
7.3
$3.3
0.12
7.31
259.83
3.1
183.8
$69.04
914.40
$3.23
4.01
4454.45
$27.42
251.88
$ 1943.7
40.1
6.41
935.86
1.2
$69.60
$ 8806.3
57.60
5772.7
7.0
426.6
44.81
80.17
$ 0.4
2957.17
800.2
76.0
25.6
9.3
1.6
135.82
93.6
696.87
713.2
579.80
175.1
243.36
$ 19.6
$ 1.7
3.48
$5.71
$ 48.9
83.89
86.2
$1.71
$ 36.5
564.74
4.16
5.2
$992.3
$ 745.8
1.6
51.3
362.65
69.79
718.9
$594.31
113.92
3806.13
$ 836.20
$3144.6
37.30
76.75
125.7
$ 31.02
$ 631.47
7274.64
$ 59.83
1.62
5.89
8.84
591.63
5.42
2.63
3.56
17.9
4.1
$ 2593.27
23.94
$110.02
$ 78.7
6.71
$ 3254.3
$ 4.6
16.0
62.33
35.7
3.33
879.11
910.2
3.07
8.92
$ 31.90
6655.7
1.94
20.3
6.50
314.8
3.82
3.72
1.2
4.78
$34.59
2002.37
5.40
6.60
90.5
$ 14.8
496.30
285.6
$5.82
62.57
63.15
49.28
5.17
4.28
23.25
0.1
$ 562.5
$8758.0
$ 90.17
8.0
98.03
$1.43
7.14
85.7
6036.82
7875.19
600.3
646.71
259.62
7.49
249.70
$ 48.9
337.8
7.5
993.22
0.50
533.94
994.41
50.1
355.7
$ 0.84
3.9
41.1
851.34
3.5
5787.1
739.9
$732.7
49.02
5.09
9.1
$ 497.9
$31.7
$ 3.93
5465.9
91.7
49.25
2.35
$ 78.0
555.61
0.72
3.91
$ 44.86
12.2
2.4
815.40
$ 276.34
524.7
7.67
$341.03
$ 227.6
18.1
531.3
72.19
0.4
414.4
$ 48.32
63.4
632.0
586.71
$ 7.0
87.04
46.3
694.2
1573.12
38.5
801.75
1.9
$ 320.20
371.7
851.4
56.66
757.50
59.3
$ 8082.66
$ 6.1
702.59
428.48
6.79
$73.11
67.23
$5.8
$ 7.2
8.40
17.61
89.24
92.4
81.5
61.30
$4.46
6.21
1.7
59.76
34.71
315.0
67.31
$49.6
788.06
92.2
$ 88.91
7.9
1.7
$ 1829.7
$827.41
$ 4.43
$ 39.5
1.0
6.9
88.6
76.85
$968.3
$ 0.8
5.53
714.8
2.9
$ 22.47
87.67
4.50
5.0
$ 1566.45
715.8
75.0
49.91
8460.6
31.44
$ 553.8
527.0
8.6
935.1
$ 8.37
7.5
6.8
$ 67.1
877.7
$ 1.42
9.5
66.7
55.22
$ 643.6
1.81
987.45
$0.19
15.80
$ 0.68
6.38
7.1
698.7
75.0
1867.75
9.54
7086.44
$ 225.69
$ 2.52
$1.5
5.95
7.2
$7.28
$ 36.63
1.2
43.62
254.6
526.67
73.9
39.35
315.9
6.0
1.4
5344.7
931.37
$49.9
90.69
192.28
4235.7
84.20
$ 9.82
51.24
0.3
4.3
$ 7.5
$ 49.6
224.3
75.0
$ 266.40
833.17
0.5
18.3
$ 921.5
$185.02
$ 43.89
866.43
149.17
$ 81.17
549.3
8.9
249.9
776.7
0.16
5472.06
$796.05
24.39
46.8
13.5
236.1
4.24
5.2
7.9
89.48
90.5
19.6
44.71
63.0
4807.13
46.40
44.9
$5.94
13.63
0.6
$0.01
97.4
29.0
6803.68
$ 1.5
219.29
570.0
93.50
555.56
134.09
5.6
7.37
$9741.82
74.75
7.9
7.24
8.91
$ 9.9
$793.5
73.44
8.60
3.3
24.39
$ 140.8
$ 97.8
$9.37
8.3
$ 34.1
79.6
6.40
51.7
46.4
$2555.4
$ 280.7
$6.6
8.8
1.7
830.6
783.48
3.2
$ 224.43
632.4
$58.59
$8.7
$95.1
6879.2
5.03
76.34
$1.20
$ 363.08
77.0
$ 43.8
9.2
$ 377.63
163.8
872.74
7.5
$5.9
168.3
21.55
$ 27.57
$0.88
303.20
6.13
6422.45
$ 559.19
$ 31.3
318.6
65.71
5.56
974.4
$ 92.85
8.64
1927.20
41.48
$ 307.4
3670.30
0.3
560.1
68.94
4887.2
7.57
$ 1.7
$ 5.4
565.1
97.8
8029.92
653.70
$ 55.2
69.42
34.34
1.4
873.09
$9.85
$ 7.4
70.5
767.43
$60.6
418.25
$ 894.8
3.67
958.70
526.6
157.6
40.8
$ 77.79
$ 40.87
5.6
40.16
49.72
34.5
$ 4.6
18.4
$3.06
402.61
5.64
15.2
178.24
79.19
83.8
8952.85
44.8
8693.9
$ 353.5
617.67
8.6
512.2
31.79
5.6
474.48
$ 6618.7
50.1
49.64
137.50
0.1
66.2
812.4
81.5
6.60
481.1
6.8
70.6
2652.34
$ 4.03
$ 46.2
$492.4
$ 5.02
82.25
657.22
$ 0.3
544.4
554.4
4865.1
3.53
6698.16
$395.3
169.49
42.54
$3.19
939.7
$ 4.70
38.49
$84.9
98.6
$ 4.2
4654.60
49.77
12.43
36.3
157.22
$ 4.6
$ 9590.9
$ 853.30
$ 6577.0
41.02
3.9
5.78
$29.6
93.9
62.8
3.27
68.2
22.9
8.91
2.35
9.15
86.79
$ 23.08
484.8
48.7
69.8
$ 68.7
47.2
3.3
7386.36
739.1
$ 5.74
52.12
6.63
15.8
9184.21
93.38
359.8
$0.08
9.29
71.8
18.06
0.42
3.82
234.67
$ 4505.9
6403.51
$ 948.8
5911.5
$629.1
2.47
5003.7
46.5
$ 311.2
$ 79.53
$ 14.82
84.48
151.04
7.1
12.54
4.18
83.5
3.3
52.71
74.70
$ 602.46
71.56
9.4
$7.41
$ 90.81
$ 8.40
12.2
$ 2.7
8453.27
5892.46
135.8
$901.88
825.10
$9.18
913.1
$ 18.68
$ 8.71
$ 893.31
$ 68.1
71.91
$ 9.2
6.7
$61.60
98.9
$ 2645.78
27.6
$ 83.78
9.54
922.5
393.76
968.15
$29.04
71.6
51.3
98.01
1.7
139.4
0.05
784.45
1.4
0.9
$ 548.85
5.2
$ 942.40
3.47
433.63
$992.6
9.69
3.80
68.69
6247.6
0.03
4098.78
$ 37.78
7.2
411.48
99.20
$718.83
361.18
8.3
18.60
$11.5
10.5
81.1
$711.9
5.8
0.7
9181.08
$66.17
844.76
$5.38
1.8
779.2
$ 6.85
4.66
3457.21
155.9
157.9
64.7
7503.17
$ 932.02
672.20
$315.9
$2.26
2067.79
56.44
4657.51
1.27
4046.63
8.32
4.3
63.22
535.7
$ 70.83
9515.2
853.5
37.50
99.3
976.2
8241.76
60.15
$5704.3
247.4
81.08
3.2
92.4
456.1
61.68
8.64
95.11
11.33
$ 2.84
39.1
$81.2
1.15
$7.4
$ 59.9
806.6
5741.5
$147.5
73.2
$ 93.58
4.3
$6.75
621.17
2.3
37.87
$5526.14
1.4
$ 653.48
$68.63
1.55
975.69
5751.4
77.77
3.47
$8.73
753.1
$7.11
85.86
2340.26
53.9
38.8
$ 634.24
$ 7.7
$ 65.1
753.5
$67.4
$ 88.6
259.13
8.8
5.4
941.0
$9.53
19.84
16.1
477.02
915.7
64.4
6.9
19.9
270.4
$ 0.14
66.38
$61.2
11.21
350.7
$ 707.42
789.10
782.7
0.7
92.9
4.3
6.9
$93.78
$ 279.7
$ 910.1
$ 462.76
0.5
$418.9
5557.90
$ 628.3
6.42
73.2
88.0
80.4
$ 78.9
33.9
994.7
204.87
236.78
77.35
$50.3
770.6
$80.31
$ 91.87
10.81
4814.11
1.7
4.78
591.2
5.17
1.4
$480.7
62.2
2961.07
0.69
6932.7
$ 745.3
963.04
6.41
73.9
4.22
803.8
0.1
67.12
6.7
559.8
0.5
$ 9.9
$6.1
2737.40
10.3
2.1
59.68
65.0
$ 226.5
1.42
0.3
2325.76
$ 3889.8
$859.11
$1.0
24.7
53.8
12.3
$ 2221.07
77.8
405.22
5558.20
$8230.6
9.79
6385.18
$6.2
11.6
5.6
$ 88.8
5.4
$ 90.19
20.6
32.60
8.72
2.47
63.73
$ 1583.9
4.86
318.91
2.21
$ 6.2
47.92
$ 88.54
4.35
3.40
6.61
9.9
3259.7
$6.09
$830.76
250.02
90.01
1.5
$0.80
4.6
$19.00
2.33
346.10
654.5
$ 8109.83
$7.82
603.7
3.81
6.5
8.50
7.34
$235.4
96.2
989.24
30.9
41.3
352.11
$69.1
$9.9
779.4
653.9
17.9
561.68
$ 8.2
4.73
611.04
325.7
769.70
257.1
39.0
790.5
5260.2
$47.0
$ 36.28
8567.83
$ 9742.84
$ 404.90
20.29
15.10
$ 3.2
110.8
581.36
64.53
$ 62.31
$ 62.67
14.6
$ 7.31
7933.7
69.2
44.83
1.5
83.51
9.2
4.7
1.9
$ 60.27
0.48
$ 95.7
$21.79
$53.4
5.2
$ 94.16
$931.5
96.79
71.8
$0.91
49.57
694.54
10.4
9.5
$ 566.18
$ 7.73
8.8
3.36
58.70
$9.1
82.66
21.8
$3.9
$ 9.39
100.82
5.80
41.8
$ 8.73
634.4
6.49
971.56
$ 61.09
407.9
$304.03
5692.24
$82.5
$ 494.6
5.69
14.34
$ 17.29
$ 1.59
68.27
49.20
$ 92.23
$ 448.4
74.8
7.7
67.5
857.1
$ 28.3
395.16
5.82
1.2
6543.8
829.13
4.92
$44.7
4.1
220.1
$ 365.3
0.37
42.31
$ 1.9
522.6
126.33
64.01
$85.58
7.9
$439.12
1847.55
71.59
$82.6
121.62
762.6
5.13
7.44
$ 118.04
46.7
5.71
479.1
49.61
792.9
88.3
710.31
5.2
6.2
$ 6.2
428.5
69.63
2.5
46.69
7.16
76.28
9.9
10.23
11.90
782.65
800.51
31.55
447.3
2.2
$ 196.49
9.10
9.51
63.92
4081.5
$985.89
$ 2.27
6.06
$ 41.8
$ 3.27
0.3
8.23
4503.3
685.06
91.25
6.03
897.3
72.2
$ 779.1
5.9
$ 7650.45
$ 778.79
6.2
55.71
23.6
2011.2
7.5
14.2
840.0
1954.16
$ 23.53
$3462.14
6352.18
9.7
8.93
81.5
66.47
431.6
66.6
$17.22
0.6
74.8
6.8
2.12
$ 40.7
$6065.5
$957.80
$ 89.29
561.3
41.20
948.18
$ 30.5
0.4
5.2
$1.5
$805.38
900.3
9681.6
$ 7.09
7374.6
$ 374.41
2.1
747.0
10.8
4.60
934.28
7.4
602.1
5.8
69.3
$ 5.56
0.70
$ 2.48
$ 784.3
$ 1.25
8938.87
4.6
3.23
8780.50
83.1
374.21
9.8
$ 9.80
$ 29.8
$1.32
234.60
$ 91.4
907.2
$ 232.24
58.72
77.3
516.1
1.8
$ 5.20
$9.6
722.09
4.73
$ 1.9
$ 293.3
314.28
1.5
29.93
1791.64
56.1
$ 84.78
759.5
531.02
$ 31.7
6.78
152.02
1.44
$ 2.28
7273.38
8860.47
604.76
$ 4041.46
$421.1
341.49
7.35
49.11
3.4
151.2
$6865.0
6.04
2.15
$7.82
6.39
6.76
9.6
$7.1
928.9
$ 43.43
3640.37
25.6
36.92
$ 655.8
1.68
339.31
0.3
9.04
386.17
$ 869.9
$16.27
$ 1.5
2.53
1747.4
2.15
684.87
285.04
9.36
$ 2.12
97.35
$ 202.70
370.49
25.62
7.59
$79.62
887.8
224.67
86.2
20.2
8.6
26.90
710.72
130.2
37.84
$ 232.50
906.17
5.09
382.1
$ 42.81
30.4
693.1
$ 37.35
$ 592.8
653.42
$ 7.81
43.8
$ 28.35
7.2
995.04
7288.74
66.58
$ 6.1
85.79
3150.30
4.6
47.26
$67.8
76.6
677.3
576.0
9.6
$ 3.0
51.81
582.95
30.8
$ 4.7
8.6
150.53
57.2
8.3
$ 537.50
83.27
$ 74.6
72.28
4.74
18.09
$ 68.4
$ 548.51
1.47
416.75
749.24
881.89
122.5
55.1
98.3
7.8
41.3
31.24
57.43
0.2
1.58
1026.1
7.7
1.32
65.3
93.2
$923.89
$ 98.6
57.9
1544.14
577.3
3488.7
2.11
3.14
$ 726.71
578.0
6.08
$ 566.6
255.4
7.1
550.24
442.7
246.59
$ 805.63
56.40
$ 481.3
6.4
50.8
68.23
35.2
2.1
83.15
$ 361.9
825.27
6.8
1.28
$815.70
$ 894.00
23.38
861.7
1.62
469.6
9624.8
9.94
5.71
608.33
782.3
$ 758.33
39.3
151.1
4.66
9.7
720.32
$ 67.36
0.1
8.7
$4.38
$ 96.8
$90.8
38.5
90.5
695.60
827.6
$ 36.8
$3.6
5.33
4.54
303.32
3557.95
617.4
4.3
$ 5424.7
$768.5
8.07
$ 874.4
3.51
$ 31.3
7.75
$ 8.30
14.89
$873.33
$224.92
$ 3007.1
$604.08
13.2
59.7
5.6
$ 8.82
3.0
94.54
80.52
8140.63
$ 39.7
6334.77
4401.2
6873.6
41.1
$462.7
52.08
185.8
9.6
642.50
9798.59
$178.2
0.4
739.5
$4.25
815.85
5.81
$31.2
9.9
21.55
9.73
$ 73.08
$ 836.31
$ 457.3
0.07
788.8
3.9
8808.6
$ 668.6
6.66
3.46
$ 905.3
9.77
$ 8.3
92.1
679.6
9.11
1.8
699.68
1.75
86.5
1038.92
$49.52
7.7
805.02
76.86
8.59
$ 4.1
8.94
514.7
$7.3
$6.46
$ 84.61
1.4
4.1
849.8
$ 0.5
84.8
$330.18
402.14
$6873.24
68.44
$17.5
4.84
5.73
5.83
6362.3
$ 1.38
$ 44.38
605.52
$6.5
$ 574.67
14.3
51.25
3.23
$644.0
64.9
58.49
437.2
22.9
63.85
54.83
$ 8.90
2.3
70.50
132.78
100.9
185.1
$471.91
$283.8
9.27
4487.6
234.0
8.30
54.33
1.31
27.3
62.13
7.42
300.64
6344.10
841.74
62.7
$ 89.92
820.8
878.3
$ 5.36
362.23
503.2
$ 958.84
455.5
$82.7
80.5
20.1
$ 1.3
$ 0.6
37.30
5.2
21.38
7.56
$ 545.2
7.81
$ 627.5
2.14
$ 16.74
$3.3
$52.12
11.5
9.31
26.06
94.88
150.4
9664.3
6.24
327.41
$96.36
3.72
$143.76
34.2
74.61
86.1
$ 356.38
55.4
32.21
3.19
270.6
31.51
403.81
$ 7.56
210.7
3304.6
129.75
$828.85
9.9
0.38
$ 7.8
$9.3
$ 1.2
98.79
63.4
840.34
6.44
3.57
9.42
0.7
$ 3.46
33.70
9.32
88.09
5.9
$ 5000.36
6.6
$67.5
0.5
$ 178.59
47.6
4.43
0.5
1.14
$ 6017.18
594.17
3.6
5.01
20.1
463.4
$963.92
9.7
$ 0.1
527.13
259.82
$ 9.30
38.6
7.47
8.7
2.9
4.1
235.56
374.80
$ 132.4
466.9
$7.25
0.76
3.44
836.45
50.83
2.86
17.76
0.7
0.3
$71.51
832.8
597.3
$81.0
10.41
2.1
86.27
440.4
851.18
805.05
989.5
5.7
39.6
0.29
26.2
28.9
684.6
$1.3
0.48
561.3
37.4
$ 0.39
$ 4.3
6.63
33.2
9290.61
$ 4.9
$186.47
54.3
59.1
802.29
2309.7
4109.22
$ 229.42
338.92
93.11
69.69
41.56
2.6
84.62
63.59
$ 91.10
$ 17.53
$ 43.44
$461.76
100.45
524.7
3.42
925.02
$ 475.8
0.53
$ 443.7
4193.2
0.3
$0.7
7.6
$ 4.06
$ 23.2
0.13
3726.90
67.54
574.30
$ 9.9
$ 665.2
54.42
20.18
777.88
35.5
447.00
7.25
$ 4.3
8.1
26.6
7.88
28.2
$ 244.27
14.4
6.4
113.6
$ 6.7
302.2
9.7
761.26
67.1
75.6
24.9
69.72
199.1
30.3
$ 77.2
48.42
263.83
$ 7478.6
11.53
854.80
4.77
227.4
2.0
466.1
513.8
6.05
519.2
39.4
9565.75
5.70
2580.37
2.08
$ 75.4
$41.6
$2.9
0.17
$ 161.2
36.87
$ 31.6
$ 8.5
4.22
584.2
$ 93.04
85.5
7.7
5.63
60.5
73.7
61.15
$118.61
$ 5.80
8413.7
$30.13
30.01
$ 256.13
$ 9.4
60.2
1.10
$741.8
58.73
86.9
5819.4
$207.89
2.27
$ 70.6
6913.73
34.6
64.27
49.12
9.45
$ 5230.3
733.6
0.0
97.6
8398.21
$ 9.76
4215.7
57.85
884.80
$43.6
$70.01
$ 1.63
$6.37
5006.01
5.24
57.75
4.4
61.4
$ 671.26
4.0
410.04
$ 9427.9
583.2
968.53
94.93
3.4
103.4
1263.60
567.02
86.3
2604.7
99.8
176.68
$ 4.02
4889.62
2.9
$51.26
891.73
9847.8
91.5
$3.9
$ 286.9
$ 76.25
$ 0.47
5.9
6.9
$ 86.3
551.7
$34.30
$96.22
7537.78
3.5
8.1
$ 9.23
902.09
8.7
91.6
8.9
$7.3
65.8
5793.2
$ 29.7
91.46
$ 0.8
4.57
$880.9
814.63
498.4
7483.55
261.67
69.40
983.2
7.6
1361.31
667.5
96.87
19.11
9.2
9.22
$ 157.8
35.90
6.40
$ 14.7
4.8
$ 120.08
12.2
8.15
3.33
2502.05
6.5
$416.6
3.92
1.64
$2.5
2269.20
84.67
94.8
3.9
86.59
397.34
35.17
79.3
7.11
3736.2
3.8
34.7
25.6
534.4
4.29
879.3
57.3
$826.2
444.3
328.6
682.14
9370.5
980.28
20.6
7.45
$ 35.48
$ 29.00
8.8
7.3
$ 307.54
$0.09
$2931.6
$ 29.66
15.8
633.8
90.1
$ 309.8
74.74
547.35
45.2
3262.2
8795.68
71.8
8.4
6.94
2.35
5.3
6060.18
$56.9
37.40
877.81
$9.4
5.4
$ 770.20
76.79
732.59
3.04
$ 63.9
46.2
98.8
5416.59
7.34
4.05
$ 7.77
7.5
233.48
624.94
4537.71
67.69
6.63
704.6
80.56
27.0
830.7
6.62
2.7
79.67
55.32
$9.23
$ 5.43
5.3
1971.0
625.8
8.5
73.1
$9.1
70.35
25.50
9.5
34.13
711.8
882.6
13.7
538.42
663.26
987.10
560.6
5.7
6044.32
700.8
5.3
7.44
$ 51.49
21.43
8.13
0.11
$ 887.3
4045.6
$ 31.64
$ 61.29
700.48
10.7
80.8
6045.5
$ 11.3
538.7
39.3
9.0
$890.54
$ 9959.1
$ 438.3
846.84
8.90
14.1
$ 127.52
41.3
$6.10
$ 9105.4
882.3
4.20
$96.6
617.4
$ 11.6
73.6
$32.6
787.7
290.1
770.3
821.66
8131.46
$ 9.3
548.1
$0.3
$442.6
418.4
635.09
965.2
96.4
8873.7
293.0
30.65
73.26
79.04
69.81
71.1
2.06
19.3
$ 7.36
75.7
82.94
247.5
18.5
$75.52
64.6
456.35
474.73
3.13
5.26
9.18
11.4
5035.1
$1544.60
$ 7.21
25.4
140.5
175.53
11.1
9.01
$ 548.0
8.8
435.6
$ 790.01
$ 826.3
824.2
462.28
3229.0
939.74
325.48
84.7
0.3
$ 3.25
3326.13
$ 329.06
474.13
2.62
43.94
5.5
6.8
$ 1.7
$ 429.8
$ 527.4
589.9
39.34
44.0
652.1
1117.82
13.4
32.0
$ 549.3
$49.7
78.7
9.2
19.77
905.53
510.31
575.0
$ 9891.45
1042.0
$ 105.81
$78.7
29.09
7.04
1.03
5.12
3.81
$3.2
$ 376.0
5.9
46.46
569.14
4.89
991.6
7266.53
3.2
9.04
911.3
$ 778.1
783.79
$ 7104.3
427.8
957.3
2.1
30.0
3757.23
$ 9.01
$41.91
4.2
1.36
896.37
$ 5.0
$ 77.90
5.6
2.1
291.3
8620.9
$2.8
$671.48
6.5
9.6
711.94
3.8
41.27
497.1
9406.6
$ 79.8
4.82
617.8
748.29
$350.3
6649.2
72.44
27.2
$3.13
$227.10
24.03
4.72
44.30
64.8
$ 39.60
9189.5
$ 2.75
$0.4
942.91
$ 85.9
5.20
84.61
60.3
99.9
7.9
1.41
$ 6462.9
4.3
279.86
301.24
$ 843.56
64.69
3207.15
45.0
679.0
78.5
$ 284.65
25.8
129.5
75.09
87.2
$21.2
$ 8385.83
$315.7
135.91
76.59
3108.2
30.25
57.4
71.42
950.2
556.23
2.11
$ 956.0
61.7
24.07
$ 55.5
$ 697.50
$ 755.04
8.4
$ 5.21
68.3
$ 81.56
877.18
676.42
80.38
8.3
6.9
47.8
226.01
81.94
7.5
$ 968.34
$ 54.93
6.41
354.50
$ 225.01
$353.3
80.57
1.41
28.1
$ 740.5
33.1
1.53
$ 5.11
359.65
621.6
79.90
29.8
57.5
$ 1.51
$ 96.40
8.56
$83.3
912.1
16.2
$4.26
997.3
1.03
$ 1.4
19.22
3.6
$ 978.14
707.5
7.41
64.7
10.6
$ 431.2
17.2
9788.6
49.34
57.16
63.38
83.89
870.8
850.8
10.1
$2.86
1.56
29.5
$ 521.8
6.81
6.5
74.45
$ 3.89
4014.4
$0.8
8.5
$ 536.4
7770.63
1.03
$ 339.34
56.4
45.1
$ 641.44
592.33
21.1
6.49
$ 79.7
53.35
$6.68
$69.9
7711.5
507.90
$ 2.1
7.35
999.78
4.5
$ 388.1
401.9
$ 719.2
5.6
3.9
47.3
752.9
$ 3.64
$ 848.1
65.0
44.8
844.5
$17.6
856.8
25.7
277.70
4.4
12.78
491.4
327.57
4522.59
6553.83
77.7
658.85
9149.6
$2579.86
$ 38.7
146.0
$ 888.7
0.92
339.6
609.87
1741.5
778.4
6.8
6.61
$900.6
0.45
978.39
35.63
9165.7
687.08
$ 3.7
992.4
9.18
$ 542.4
799.7
4.10
$380.92
6663.4
76.5
$ 3576.1
9.5
651.02
40.51
$ 96.20
6008.44
$ 505.54
50.0
$8.58
464.37
$ 27.5
$ 6.9
6.69
3.7
3.2
1646.12
$ 294.46
934.41
62.64
3.89
8.7
224.79
429.37
5.3
81.6
70.1
3277.05
75.59
3.36
44.66
90.9
4571.21
33.4
733.19
977.2
1.85
$ 84.30
3.69
572.7
$336.74
$ 6.46
$ 39.53
427.47
765.64
$ 4663.4
$ 176.36
$ 407.7
31.5
670.1
0.43
652.0
651.0
22.23
$ 896.80
$ 9.65
0.8
82.5
$5.57
$ 207.3
682.27
60.1
23.6
1.69
$370.70
5249.6
4.0
88.66
4904.5
$ 655.3
0.1
29.28
3.0
11.9
35.9
$9626.1
4.89
9835.8
$ 79.56
$99.4
551.2
5.43
$ 932.71
22.5
2.6
204.25
263.3
75.6
1.4
4613.6
745.34
$49.4
466.67
$665.9
895.1
3512.4
87.68
7.1
9650.35
$ 17.6
107.4
974.3
7.6
8461.30
513.7
6.7
33.50
4.3
381.6
11.0
6.1
46.9
$ 2958.9
2827.5
3.1
177.33
74.5
3.7
454.69
0.52
39.23
56.71
5144.26
2885.86
98.3
9.8
9214.39
71.78
3.87
193.5
$ 76.1
8.5
$17.8
53.8
4.20
719.1
1.0
8.7
$ 0.1
85.62
857.2
$ 555.11
26.8
41.7
704.05
7.6
51.2
38.5
31.9
921.07
26.3
682.3
83.3
$ 137.56
814.03
72.2
532.18
$ 513.5
32.5
$ 114.81
$ 46.2
55.4
$ 20.8
$3.57
$ 6910.8
$ 59.59
0.1
$ 6.0
97.07
5.4
8.14
214.04
77.6
$ 55.11
23.8
430.3
62.94
676.5
94.42
$571.29
599.68
7.90
$ 619.33
37.1
$ 8.6
11.05
$ 718.33
7.92
37.9
765.28
4.77
$ 0.82
$ 444.1
$ 85.63
132.8
$7.84
12.05
358.60
$ 219.8
9058.5
1352.6
663.19
823.5
$ 255.0
788.7
4.90
62.29
110.8
24.2
$ 0.6
$ 6.07
768.06
$558.04
50.9
3.9
4.1
$ 9.7
72.7
69.17
28.5
5.5
56.93
37.12
4.84
5.1
8.3
9.65
86.92
$ 92.36
155.2
325.19
5.14
$262.3
583.1
4.1
7.6
119.0
$681.3
8.9
1790.9
0.57
$9.78
$24.1
9.8
39.14
$731.2
76.94
86.5
58.8
$ 13.16
82.78
3.8
$ 162.87
73.9
973.34
1.01
58.8
22.47
465.27
0.78
1.9
379.22
95.1
7.31
$561.2
96.6
62.81
2.53
143.6
301.7
52.15
56.50
59.0
547.3
2.6
$ 9664.0
28.53
$ 37.6
$ 8.8
8.6
$ 739.68
606.7
593.3
50.06
8.16
$ 6354.0
$ 56.50
$ 7070.56
127.02
615.8
6.11
$4.45
$ 849.28
56.20
9.89
2234.18
4.16
8907.24
$ 8.0
73.2
971.43
9.8
47.07
675.71
$ 51.14
509.9
$ 591.4
$ 78.5
4.9
$4288.53
9.0
83.9
764.46
$5.5
$ 7966.73
38.78
7.86
4.61
5777.54
81.41
374.05
130.6
$ 7.1
2497.9
83.67
$ 49.04
2.46
94.65
579.8
$ 918.64
$ 2.3
96.0
0.5
97.94
$ 9.06
$ 971.80
535.7
8.20
336.83
911.34
26.3
488.6
4.1
170.8
271.3
41.73
17.5
$ 36.1
36.14
2.5
433.72
73.63
$ 1.35
5.10
14.48
8798.57
431.52
1.8
1.22
49.01
649.6
8227.5
297.36
$3.1
$ 9696.1
136.88
812.18
1.21
$ 61.8
$4.1
4313.13
$46.9
1.47
0.34
$ 822.27
$3.47
$8.68
9.12
47.53
80.4
6.25
6.82
$ 2.38
3701.71
$ 3460.59
26.7
433.2
101.12
9153.1
66.1
812.5
$5.84
7.2
$14.93
68.63
1.4
243.42
$ 3.1
$ 6.7
$ 495.87
$ 8.63
$ 184.56
49.63
37.0
28.2
7.3
97.77
852.68
149.2
$ 867.69
75.3
0.25
58.77
10.6
$ 343.5
279.48
$ 1201.37
474.8
11.1
86.8
5.01
7.36
$ 6.1
$ 7355.77
2.30
4.9
743.4
7.1
$55.15
$ 1.36
61.9
7.8
57.7
180.88
3.0
$203.86
277.76
97.5
6.3
5.4
91.46
4.45
$ 4.2
$ 956.6
66.2
2.45
2302.2
4.49
$ 844.77
715.7
1.1
691.3
422.91
$ 2.3
$ 0.32
3918.18
7.65
204.2
$ 867.90
107.15
1.89
301.25
5.58
57.03
85.8
571.6
7997.4
684.02
$ 7.2
652.82
410.7
91.62
3.5
2050.2
85.77
176.0
10.2
$28.8
7.4
398.55
735.8
$ 113.17
138.22
9.5
$ 0.60
$ 70.8
59.1
91.83
934.62
56.9
117.3
1.1
49.66
$1.18
$92.11
$ 5.2
$ 8621.13
3.78
2.5
820.68
1.5
$ 75.4
$ 116.23
9316.17
61.1
8.74
$ 63.9
722.87
$3.1
652.67
2.72
914.3
192.7
7.2
$954.57
$5.4
$ 78.9
96.7
$ 341.39
$ 9.92
$ 4.01
3686.72
$ 6.0
$ 781.1
4600.2
982.1
93.9
11.67
472.3
42.47
$ 98.46
1.65
0.6
56.9
46.6
682.93
$ 5.95
6.2
58.1
4466.6
22.48
$3668.1
$ 7.02
2.17
202.9
9.2
97.5
$160.9
$ 69.53
$ 51.0
510.3
$6638.19
2.3
41.3
$7.5
4.49
8.6
898.49
866.7
$1.65
99.78
$ 3.18
654.5
951.58
881.2
242.71
5.88
7.9
$1.33
$5.30
4.24
$44.57
$ 7.2
9.5
1.9
811.1
96.12
$ 925.01
33.46
202.5
$ 9.38
71.14
7.49
69.60
783.61
524.6
8806.8
$ 8.3
475.1
374.02
737.2
6.1
476.84
994.1
5532.6
0.57
6.46
$45.09
1.80
964.6
$579.3
85.35
509.8
650.4
42.20
2.92
3194.3
1.60
38.64
128.6
10.30
$95.4
5678.35
337.2
$ 41.74
$ 19.72
647.29
454.6
$ 726.64
923.74
$ 9.1
96.02
105.6
7.8
1.23
46.55
9153.7
9.62
$8.6
162.18
241.6
874.9
286.5
0.3
0.9
3025.32
29.5
96.7
16.63
7872.18
$ 20.74
81.24
$ 754.8
54.7
917.1
499.5
978.85
0.8
226.2
9.78
83.73
$ 2.7
723.2
3.8
$ 850.9
66.32
0.0
5.90
84.8
3.8
74.54
$ 504.4
5.24
55.17
8.6
75.17
$2.0
528.4
1.7
$ 11.9
$ 52.81
$81.77
49.1
269.6
$ 4.54
$636.42
286.3
911.33
46.10
4.50
60.69
$ 75.31
39.9
47.1
94.88
$ 3.4
28.77
2.69
2.2
26.4
$ 0.5
$8.6
4.4
59.4
9.1
5.6
16.9
87.4
214.11
3.33
7.7
53.8
1.4
8719.5
32.9
24.62
98.0
893.1
9895.66
93.06
346.4
$ 97.16
34.62
56.30
6.23
$ 9417.6
$ 78.48
$ 71.9
235.8
246.3
937.08
99.0
6625.9
0.6
664.3
$ 0.6
776.69
12.4
$ 54.2
4.79
7.94
31.6
5.25
$ 100.37
4.21
$ 854.7
8.6
66.58
53.1
42.5
9866.24
$ 4.4
362.65
822.8
939.5
638.9
$ 939.41
8.52
44.32
39.29
89.3
$93.48
148.3
548.2
$ 766.7
$ 3.5
9744.2
3667.84
1.66
3.41
26.7
6.5
710.81
7331.71
31.94
3004.22
$889.39
79.71
380.09
254.5
499.91
43.80
68.32
$59.19
50.27
218.31
3.74
$ 3739.0
59.11
36.4
2.2
6.0
$ 3.6
97.26
19.94
$ 21.79
$8.85
888.34
8.0
$ 1127.1
$49.9
384.2
6.4
5941.30
$763.8
1.31
1.8
433.3
$ 644.1
33.5
$ 9.77
1851.11
$ 5.1
$6.5
7.11
$69.77
3.0
590.3
55.79
668.8
4.1
77.9
$6895.95
33.7
$55.8
514.59
4.72
446.19
569.6
11.8
8.4
9.3
68.8
$ 8167.94
5546.3
13.43
361.82
8.14
3027.5
8.18
3.1
77.83
90.9
0.9
323.8
1692.3
68.2
$ 680.6
$ 967.21
9.44
2.67
67.2
$ 4.71
259.44
388.35
7.4
$74.32
823.04
$ 317.89
93.39
1.9
682.31
50.03
$ 8.8
901.2
93.6
24.3
254.1
250.4
6.52
14.6
621.20
91.4
$4.29
96.1
$ 6.5
6.0
$0.9
262.4
8140.3
5.23
$9.27
$51.1
$ 0.2
18.29
93.52
5.92
249.8
8.76
$ 125.1
$ 76.8
0.9
$ 5.6
237.78
46.6
91.89
98.3
853.6
4.0
5.12
1.2
$6.15
$ 620.8
28.8
187.72
4.17
1957.9
434.3
92.8
36.5
$ 331.6
82.73
558.5
4441.9
$ 111.0
5.01
75.16
$ 620.16
27.44
951.65
$92.31
3.20
536.50
$699.7
6166.92
997.72
80.4
883.91
41.5
45.3
137.18
78.2
0.8
8672.14
88.83
1.1
$ 74.4
74.6
257.6
80.06
430.5
7.4
352.22
$173.0
48.13
67.6
$ 6.58
38.23
$6.3
0.8
31.66
870.8
$ 4670.6
80.35
2779.16
45.9
94.42
$ 2.6
27.3
5.1
$9.2
$93.9
$ 50.9
$ 8552.49
98.10
$96.25
53.40
$505.1
$ 9.9
1.04
6.6
93.71
97.0
88.02
396.01
7.9
$ 92.60
$ 0.3
5.36
330.66
8.8
7973.5
94.9
$ 525.0
$18.46
15.1
$ 35.09
9.10
9.2
36.6
63.42
2.08
7295.14
71.68
109.8
229.3
3310.89
2.7
$549.0
528.20
$ 332.8
357.1
459.07
7757.85
$ 59.63
359.56
$ 9.11
62.7
$ 6.81
66.7
4742.1
4.9
37.26
1.22
$ 8.2
0.50
9007.3
$ 53.9
$ 645.87
48.2
$32.86
6.20
211.8
9.0
37.87
884.38
$6.26
$ 0.45
$ 49.5
$ 9222.8
$525.5
3.31
0.66
6004.4
5.7
1.92
2.89
718.3
525.54
$37.74
5.55
460.63
$ 1388.45
3.44
7.0
7764.8
165.5
510.2
$ 937.3
$ 537.2
$ 2.9
$ 741.7
1.8
$ 94.3
326.8
$ 72.50
0.0
771.87
$5.21
0.36
2.6
$ 7.5
9593.21
3.03
68.27
4.54
72.5
56.9
81.35
361.51
80.27
2.9
117.24
8047.8
339.56
41.29
4.3
9300.80
314.64
$ 5.19
84.42
155.4
87.80
9.7
$ 2130.2
82.05
857.55
$89.5
$ 83.9
81.0
72.4
988.87
121.68
$ 822.36
19.7
$602.4
$ 26.4
0.5
58.30
15.2
$ 83.43
8649.76
$ 5044.87
$ 381.9
687.6
40.0
2.4
$ 174.1
$ 284.90
79.07
130.9
$ 6472.9
489.5
83.94
0.88
$ 9979.64
$ 161.91
$ 36.3
57.8
$ 37.20
7.23
54.9
44.3
53.18
920.04
752.8
7.9
151.16
132.45
$ 5.1
774.15
2145.89
$ 74.2
536.02
2.04
69.48
63.9
54.1
$ 73.1
$8.81
663.69
926.0
$ 99.88
$0.1
7.2
$ 57.5
10.14
384.8
314.7
$ 72.7
$ 843.52
753.5
894.1
6.79
5.58
$ 94.12
$ 3.1
$ 6.34
$ 8.5
50.6
891.27
0.1
$ 32.14
$5.8
6.58
$ 66.9
$ 61.54
49.94
30.77
83.2
5.5
81.12
9.20
44.6
82.7
$ 9.6
$ 2.5
94.64
$ 77.3
1.91
6.62
$4.6
2.6
$ 13.12
498.91
43.3
7.9
$ 3.9
10.26
347.33
294.7
149.84
7.6
9.7
$41.29
92.61
13.9
717.6
234.72
7.9
3.48
$ 846.61
435.05
6.8
$629.8
973.90
$ 3887.6
$ 155.6
58.6
33.7
2.5
878.22
8.5
3067.81
83.4
72.01
5.05
70.7
1.1
929.7
470.8
$9.56
969.53
$ 738.22
52.2
2354.41
510.49
67.4
401.1
965.1
93.58
97.31
$ 3.45
462.1
45.94
731.05
82.82
$ 376.26
350.70
179.9
4.86
$ 61.1
$ 76.5
68.7
83.12
664.9
81.9
3.88
3.43
8.50
14.4
38.4
20.14
898.87
$ 58.37
$165.4
$ 51.26
41.9
1.3
$ 1.1
377.93
$ 141.0
92.85
702.4
$ 9.71
2.46
2.39
293.6
60.03
3.74
$ 60.5
20.03
781.78
$ 492.3
237.63
7135.47
1.56
$8.4
452.2
$ 5480.7
$ 204.42
337.4
671.8
947.70
49.13
717.89
6.66
201.8
855.24
$1.83
6.1
8814.5
$ 33.4
40.43
23.50
3.9
$ 76.31
63.9
$5.80
353.06
974.73
$ 6877.6
653.91
288.12
2.3
95.9
11.9
78.77
2271.91
862.8
2524.94
71.66
$8.5
$ 2.02
$ 277.47
28.9
0.5
21.47
72.28
$67.5
9.12
3.14
$36.1
1.9
902.50
24.14
807.9
$ 7.3
88.3
6549.1
$ 74.8
$3.14
6596.4
4.31
78.93
$ 18.11
1.88
$ 18.7
15.0
998.5
912.72
12.2
5.8
4751.9
0.63
$3326.28
$ 9434.2
45.3
153.2
16.3
9.5
108.11
5.64
30.4
603.8
$0.46
2.1
$ 0.8
12.93
$268.09
335.7
445.8
$505.7
$ 9914.12
3.5
8.8
$ 4.78
249.77
2696.5
41.7
5.39
$ 295.8
6.55
$162.7
1.4
$ 621.93
91.8
$72.2
46.2
6753.3
47.0
5.58
$ 6.12
48.12
686.52
70.4
875.3
70.1
27.23
0.2
$298.3
44.6
37.18
841.6
147.6
$ 4.15
64.9
6.6
4443.80
687.49
$ 0.4
45.7
4.4
7.20
$ 937.3
456.70
8.2
535.28
705.3
30.87
415.25
9669.4
6.87
$ 1.31
$ 85.8
69.8
100.0
8.31
322.7
81.13
334.70
775.09
0.5
$ 4.62
680.84
$ 298.07
3043.55
7.63
205.5
2.2
33.1
18.31
$155.7
9636.2
426.60
8.14
24.70
49.2
971.35
2.77
4.27
3.81
3490.0
8.63
48.93
$ 7.4
5.2
91.2
$34.8
901.9
745.73
8.92
$ 8.3
87.86
$ 196.7
41.29
51.45
541.1
1494.12
$14.7
804.4
7.4
272.54
9818.9
$ 17.9
465.4
1.8
84.59
$0.90
797.2
$ 92.59
$ 459.2
3.3
2.24
3.52
118.7
36.23
436.4
40.02
$ 2.24
4.4
614.64
$32.2
823.3
41.9
5.87
192.5
51.48
$ 95.5
$1.91
26.4
791.89
31.6
$ 9.4
6.73
$1.77
332.9
$6167.6
4.3
$15.9
5.34
28.28
8244.0
2578.79
$982.20
69.63
$ 2.6
6.30
452.74
17.9
0.3
20.9
170.8
8.1
74.4
1.7
$ 89.0
2.11
65.4
58.80
4.9
5.79
7.9
4.03
331.23
92.38
7.4
$ 1115.65
$7.6
$ 6.13
$866.4
8503.43
$ 4.9
649.17
949.41
22.12
34.32
119.7
$ 42.95
$5.5
7274.17
13.1
79.65
16.76
21.40
$ 88.55
$ 79.1
2323.71
$ 74.6
1.41
3.89
2.68
79.2
21.6
9.67
$ 708.38
749.56
66.11
5918.6
75.10
37.14
7.28
3.8
$ 6.2
9.34
79.27
0.0
0.7
598.32
83.6
0.51
$ 2.89
1.2
1.9
12.51
$249.8
36.2
$ 2.70
2.79
25.1
24.3
72.10
0.7
2.92
717.68
9.1
438.0
9.77
106.8
719.2
6.38
75.85
60.4
$67.8
722.45
6.33
59.9
2.3
0.64
3.09
77.31
8.4
781.3
71.7
48.69
501.8
$ 6.85
1.2
282.0
$ 420.8
198.5
22.3
$3.2
71.6
$ 744.36
34.77
$ 15.02
$8.25
$ 7.5
85.5
$ 8.76
$ 91.46
3.4
8201.3
67.85
$ 4.6
439.8
8.5
$ 4811.4
7.24
$ 12.94
83.40
$ 83.5
6.13
68.8
86.1
731.55
8.93
980.84
$2.81
$ 5.21
85.3
91.03
42.6
$ 88.67
197.7
13.2
$ 0.4
659.1
98.28
7.33
$628.9
583.1
$928.16
3.15
1.46
$ 9.20
$ 3.1
7.3
$ 3.4
7519.3
525.4
$40.48
$ 7.56
1.3
0.71
$ 997.74
$ 75.89
264.5
43.54
83.4
$ 395.91
5814.15
$ 81.7
$138.18
86.9
7.4
$ 9.5
591.89
$249.45
5004.42
2.61
$207.72
0.4
$ 4405.1
951.6
96.60
4.1
4.6
$ 231.3
$359.9
95.5
$ 970.6
$ 21.69
$ 834.73
$ 530.22
45.9
4.60
370.2
37.11
$ 5.6
5.3
6.0
129.93
$701.5
6.61
82.59
197.80
$ 1.3
720.5
4.62
$ 528.9
$7.4
76.81
7.3
4.30
4.3
4.3
0.84
0.78
2.09
549.12
467.8
246.1
2.2
36.6
$7367.80
2452.6
2.8
$632.4
5.90
0.02
232.0
2729.4
141.8
$ 17.53
547.10
7.9
5.51
1.8
211.6
3267.0
5.1
96.61
6337.0
$26.81
15.4
$5.6
28.1
$ 606.9
$ 57.26
574.7
77.89
0.4
678.46
575.7
$ 65.8
$ 783.33
6101.70
$61.9
843.61
$ 35.6
$ 2.3
$ 3143.33
$ 954.6
8158.9
49.3
4.7
1.1
981.07
$48.24
42.48
9.6
3.23
358.9
$ 39.6
$ 588.2
$3875.13
0.1
$ 6.35
905.72
7.4
114.28
90.5
67.29
$1.8
31.7
379.74
650.4
908.6
4.89
98.9
$ 2.46
$ 586.24
$ 302.69
11.27
337.26
3.9
174.69
$3.5
$ 428.02
571.43
8.82
$ 385.7
172.4
39.90
27.82
$4.25
242.9
2.41
$ 1892.32
8.55
$ 342.08
$ 77.6
1.27
22.6
0.9
8841.42
24.4
$46.27
2.0
930.1
4.18
8789.6
474.61
3.33
908.08
$ 5.79
$ 1310.2
9.1
$ 26.5
10.39
$ 12.03
3.43
1.24
8590.9
$ 878.9
976.6
9.15
854.4
7.26
$89.1
16.1
$ 55.19
821.93
90.81
39.85
$ 5.0
0.01
8.72
33.6
$ 42.21
740.3
5.65
65.3
475.92
9345.16
4.94
23.4
$ 7.46
$143.5
1.10
84.91
858.5
$6.6
284.09
8.1
931.47
117.9
70.4
35.4
490.3
4.3
904.08
$44.8
964.5
50.4
6.6
50.4
$420.1
$ 824.71
$ 157.92
416.35
26.8
6558.38
716.4
9.40
4995.36
45.4
4.10
8.33
$ 22.39
65.6
2043.32
4.83
39.89
5.89
8971.8
4.2
$7.6
$ 82.2
8.8
$ 60.5
$ 319.83
828.00
1.16
$ 49.86
9.8
9765.6
8.11
448.2
$ 90.0
46.9
$ 67.0
56.4
80.94
0.4
7.0
52.02
$135.6
94.0
$ 1.7
$49.78
37.61
96.8
$ 909.84
42.3
27.8
7.67
$ 3.5
7.8
$ 9.03
1.03
792.72
301.0
45.1
851.36
894.3
2.5
247.3
$ 28.8
19.0
$ 108.4
459.06
3.8
593.60
1.80
$ 2.5
2079.6
42.5
0.5
82.21
856.8
6.6
$ 2.05
4847.91
6735.02
2.53
72.39
7.29
1.4
222.45
0.8
$ 531.71
2.76
881.2
$4.34
3571.13
99.54
$567.2
75.6
667.1
27.2
47.6
8.8
55.46
5456.33
1.48
28.01
$5.20
$ 1068.51
1.8
$1.4
4.3
0.46
6184.1
19.9
1.8
3100.5
$ 365.3
4.6
425.07
4793.61
51.9
40.2
728.54
72.58
$ 41.8
1.15
996.3
$9389.74
9.26
13.27
91.94
94.1
$2.41
821.6
824.49
5.4
593.7
$ 2899.2
56.63
5.6
75.14
8.9
0.22
$ 968.5
613.12
90.67
519.18
$ 607.30
8.65
85.11
980.7
53.86
472.09
1.0
864.5
$93.1
8.9
$37.67
$66.06
68.04
7.41
$660.2
0.63
$ 5.90
986.6
$ 5.94
9.42
22.9
$ 51.31
339.57
45.14
0.7
11.8
$ 766.8
$90.9
$ 667.04
11.85
6.71
$ 35.4
620.16
167.38
3713.78
22.78
$6.26
$ 15.13
84.79
28.36
$72.44
8.26
218.41
210.89
306.6
3.18
44.5
9.79
374.2
$ 960.2
$ 16.64
$ 4.8
616.36
761.2
246.7
775.8
$9.60
697.83
8.4
9.63
0.21
5651.6
$ 633.1
97.4
36.9
$3.2
3071.3
917.13
$ 34.8
$615.3
$ 933.67
35.15
125.3
0.0
$41.79
$ 39.70
0.27
9674.52
144.88
4412.69
5.00
$ 847.23
470.26
2.7
8.90
$ 6.62
1.06
836.50
5529.54
7.7
3001.94
511.02
93.46
7.82
73.4
$ 869.42
$ 7.9
1383.7
9.68
1.68
37.6
12.65
$ 447.78
$8.67
$ 1.9
1136.31
903.4
$11.03
0.6
0.5
753.5
65.2
7.48
1.17
903.31
6132.88
$414.6
394.2
1.25
59.3
$ 815.6
$ 0.7
$249.00
95.8
0.14
$4.94
746.0
219.49
3869.37
$522.7
$ 2.2
8.48
11.0
0.53
445.94
$ 4369.8
$4832.03
15.9
$ 253.08
$ 328.22
3463.72
59.8
$ 100.66
1565.36
$92.4
2468.9
$2.82
8465.8
7766.2
$ 8.83
834.25
34.41
$ 995.6
$ 187.53
$ 422.20
32.8
85.37
5.8
$ 5.4
61.74
0.5
21.2
983.20
35.20
$ 4.1
$ 6026.20
2186.6
7.58
9.25
9461.65
449.65
58.7
$358.9
$ 933.6
3.1
3668.1
3.8
5268.84
915.54
216.7
$928.49
466.52
440.50
95.33
75.15
839.82
255.5
4.30
743.2
$ 75.33
24.52
$95.0
1.0
$ 217.80
5.1
5.9
110.2
4.43
62.0
9.56
4731.5
25.2
577.6
$ 9.73
5346.4
20.7
32.33
$ 209.67
24.57
$19.89
$ 3.15
$312.2
11.7
27.1
$7.53
7.43
$ 34.61
11.11
43.33
98.2
314.4
$ 615.4
$ 3162.59
683.46
$58.47
4.9
92.5
$ 18.30
11.9
4.1
$ 3644.50
55.3
6.61
3.36
875.1
1.7
458.3
7.4
$ 8.39
$ 6.8
35.53
76.10
$612.7
56.93
1809.82
31.9
$1.37
26.6
798.1
59.03
866.69
1.6
1.4
4.66
869.54
$ 24.0
$5.3
$ 5.2
967.7
$ 7.55
$ 7.32
92.4
57.7
93.51
$ 61.84
3.90
4.44
2503.03
81.8
$ 696.05
85.9
22.9
$ 72.53
1.90
5.39
$746.50
43.77
$ 832.8
4.85
9.7
18.6
$5.12
$ 70.5
978.82
94.1
37.9
208.0
67.14
0.48
3.3
6.59
92.2
$ 18.17
8641.71
$ 8842.62
33.54
46.4
$31.8
446.21
$ 617.8
70.8
618.8
68.3
838.76
74.2
479.17
6.6
2835.4
$ 258.59
589.1
205.76
93.5
34.06
8.18
$22.9
61.3
872.13
95.29
4927.7
$7.40
$ 473.2
$76.74
$ 6.7
$ 343.41
359.27
$488.05
1.6
50.4
25.09
87.4
$ 43.45
79.14
$ 16.79
5.57
435.17
11.7
$ 50.2
$ 5.1
6572.61
$ 39.82
$ 6681.7
0.37
$8.9
$ 19.9
39.2
390.7
743.27
86.81
$ 84.6
$ 6.08
39.55
30.4
$ 421.60
30.0
$ 34.79
1.8
155.86
585.84
$7.5
$13.8
336.6
817.0
24.58
$14.89
8414.06
10.5
9.20
995.91
291.3
3.3
549.2
152.4
220.6
$923.5
8.6
5.27
423.19
751.5
4.70
476.72
4083.6
81.02
597.59
37.87
259.36
8.40
