# Img	fu	fv	 u0	    v0	      k2      alpha  beta      phi  chisq_RMS

58  2.86925  2.86925  0.962441  0.273242  -0.000195313  -0.0163625  0.0334749  2.18138  0.00184529

87  2.88108  2.88108  0.966426  0.43832  0.00371094  0.00109083  -0.0276117  2.17531  0.00178897

116  2.8793  2.8793  0.969238  0.35582  0.000585938  0.000272708  0.0160216  2.1725  0.00188341

145  2.89001  2.89001  0.936699  0.396758  0.000585938  0.0174533  -0.00136354  2.16502  0.00192045

174  2.90285  2.90285  0.931895  0.260898  -0.0160156  0.00109083  0.0205213  2.15649  0.00133214

203  2.97394  2.97394  0.933574  0.24082  -0.0443359  -0.00109083  0.0137717  2.15517  0.00209326

232  3.00999  3.00999  0.978965  0.219883  -0.0544922  -0.0174533  0.00368155  2.15214  0.00225935