0.0700   0.0700   0.0700
0.0848   0.0848   0.0848
0.0995   0.0995   0.0995
0.1143   0.1143   0.1143
0.1290   0.1290   0.1290
0.1438   0.1438   0.1438
0.1586   0.1586   0.1586
0.1733   0.1733   0.1733
0.1881   0.1881   0.1881
0.2029   0.2029   0.2029
0.2176   0.2176   0.2176
0.2324   0.2324   0.2324
0.2471   0.2471   0.2471
0.2619   0.2619   0.2619
0.2767   0.2767   0.2767
0.2914   0.2914   0.2914
0.3062   0.3062   0.3062
0.3210   0.3210   0.3210
0.3357   0.3357   0.3357
0.3505   0.3505   0.3505
0.3652   0.3652   0.3652
0.3800   0.3800   0.3800
0.3948   0.3948   0.3948
0.4095   0.4095   0.4095
0.4243   0.4243   0.4243
0.4390   0.4390   0.4390
0.4538   0.4538   0.4538
0.4686   0.4686   0.4686
0.4833   0.4833   0.4833
0.4981   0.4981   0.4981
0.5129   0.5129   0.5129
0.5276   0.5276   0.5276
0.5424   0.5424   0.5424
0.5571   0.5571   0.5571
0.5719   0.5719   0.5719
0.5867   0.5867   0.5867
0.6014   0.6014   0.6014
0.6162   0.6162   0.6162
0.6310   0.6310   0.6310
0.6457   0.6457   0.6457
0.6605   0.6605   0.6605
0.6752   0.6752   0.6752
0.6900   0.6900   0.6900
0.7048   0.7048   0.7048
0.7195   0.7195   0.7195
0.7343   0.7343   0.7343
0.7490   0.7490   0.7490
0.7638   0.7638   0.7638
0.7786   0.7786   0.7786
0.7933   0.7933   0.7933
0.8081   0.8081   0.8081
0.8229   0.8229   0.8229
0.8376   0.8376   0.8376
0.8524   0.8524   0.8524
0.8671   0.8671   0.8671
0.8819   0.8819   0.8819
0.8967   0.8967   0.8967
0.9114   0.9114   0.9114
0.9262   0.9262   0.9262
0.9410   0.9410   0.9410
0.9557   0.9557   0.9557
0.9705   0.9705   0.9705
0.9852   0.9852   0.9852
1.0000   1.0000   1.0000
