0.5020   0.000   0.000
0.5725   0.000   0.000
0.6431   0.000   0.000
0.7137   0.000   0.000
0.7843   0.000   0.000
0.8588   0.000   0.000
0.9294   0.000   0.000
1.000   0.000   0.000
1.000   0.1608   0.000
0.9294   0.1490   0.000
0.8588   0.1373   0.000
0.7843   0.1255   0.000
0.7137   0.1137   0.000
0.6431   0.1020   0.000
0.5725   0.09412   0.000
0.5020   0.08235   0.000
0.5020   0.1608   0.000
0.5725   0.1843   0.000
0.6431   0.2078   0.000
0.7137   0.2314   0.000
0.7843   0.2549   0.000
0.8588   0.2784   0.000
0.9294   0.2980   0.000
1.000   0.3216   0.000
1.000   0.4824   0.000
0.9294   0.4510   0.000
0.8588   0.4157   0.000
0.7843   0.3804   0.000
0.7137   0.3451   0.000
0.6431   0.3098   0.000
0.5725   0.2784   0.000
0.5020   0.2431   0.000
0.5020   0.3216   0.000
0.5725   0.3686   0.000
0.6431   0.4157   0.000
0.7137   0.4627   0.000
0.7843   0.5059   0.000
0.8588   0.5529   0.000
0.9294   0.6000   0.000
1.000   0.6471   0.000
1.000   0.8078   0.000
0.9294   0.7490   0.000
0.8588   0.6902   0.000
0.7843   0.6353   0.000
0.7137   0.5765   0.000
0.6431   0.5176   0.000
0.5725   0.4627   0.000
0.5020   0.4039   0.000
0.5020   0.4824   0.000
0.5725   0.5529   0.000
0.6431   0.6235   0.000
0.7137   0.6902   0.000
0.7843   0.7608   0.000
0.8588   0.8314   0.000
0.9294   0.8980   0.000
1.000   0.9686   0.000
0.8706   1.000   0.000
0.8078   0.9294   0.000
0.7451   0.8588   0.000
0.6863   0.7843   0.000
0.6235   0.7137   0.000
0.5608   0.6431   0.000
0.4980   0.5725   0.000
0.4353   0.5020   0.000
0.3529   0.5020   0.000
0.4039   0.5725   0.000
0.4549   0.6431   0.000
0.5059   0.7137   0.000
0.5569   0.7843   0.000
0.6078   0.8588   0.000
0.6588   0.9294   0.000
0.7098   1.000   0.000
0.5490   1.000   0.000
0.5098   0.9294   0.000
0.4706   0.8588   0.000
0.4314   0.7843   0.000
0.3922   0.7137   0.000
0.3529   0.6431   0.000
0.3137   0.5725   0.000
0.2745   0.5020   0.000
0.1922   0.5020   0.000
0.2196   0.5725   0.000
0.2471   0.6431   0.000
0.2784   0.7137   0.000
0.3059   0.7843   0.000
0.3333   0.8588   0.000
0.3608   0.9294   0.000
0.3882   1.000   0.000
0.2275   1.000   0.000
0.2078   0.9294   0.000
0.1922   0.8588   0.000
0.1765   0.7843   0.000
0.1608   0.7137   0.000
0.1451   0.6431   0.000
0.1294   0.5725   0.000
0.1137   0.5020   0.000
0.03137   0.5020   0.000
0.03529   0.5725   0.000
0.04314   0.6431   0.000
0.04706   0.7137   0.000
0.05098   0.7843   0.000
0.05490   0.8588   0.000
0.05882   0.9294   0.000
0.06275   1.000   0.000
0.000   1.000   0.09804
0.000   0.9294   0.09020
0.000   0.8588   0.08235
0.000   0.7843   0.07451
0.000   0.7137   0.07059
0.000   0.6431   0.06275
0.000   0.5725   0.05490
0.000   0.5020   0.04706
0.000   0.5020   0.1294
0.000   0.5725   0.1490
0.000   0.6431   0.1647
0.000   0.7137   0.1843
0.000   0.7843   0.2039
0.000   0.8588   0.2196
0.000   0.9294   0.2392
0.000   1.000   0.2588
0.000   1.000   0.4196
0.000   0.9294   0.3882
0.000   0.8588   0.3608
0.000   0.7843   0.3294
0.000   0.7137   0.2980
0.000   0.6431   0.2706
0.000   0.5725   0.2392
0.000   0.5020   0.2078
0.000   0.5020   0.2902
0.000   0.5725   0.3333
0.000   0.6431   0.3725
0.000   0.7137   0.4157
0.000   0.7843   0.4549
0.000   0.8588   0.4980
0.000   0.9294   0.5373
0.000   1.000   0.5804
0.000   1.000   0.7412
0.000   0.9294   0.6902
0.000   0.8588   0.6353
0.000   0.7843   0.5843
0.000   0.7137   0.5294
0.000   0.6431   0.4784
0.000   0.5725   0.4235
0.000   0.5020   0.3725
0.000   0.5020   0.4510
0.000   0.5725   0.5176
0.000   0.6431   0.5804
0.000   0.7137   0.6471
0.000   0.7843   0.7098
0.000   0.8588   0.7725
0.000   0.9294   0.8392
0.000   1.000   0.9020
0.000   0.9373   1.000
0.000   0.8706   0.9294
0.000   0.8000   0.8588
0.000   0.7333   0.7843
0.000   0.6667   0.7137
0.000   0.6000   0.6431
0.000   0.5333   0.5725
0.000   0.4667   0.5020
0.000   0.3882   0.5020
0.000   0.4431   0.5725
0.000   0.4980   0.6431
0.000   0.5529   0.7137
0.000   0.6078   0.7843
0.000   0.6627   0.8588
0.000   0.7176   0.9294
0.000   0.7725   1.000
0.000   0.6118   1.000
0.000   0.5686   0.9294
0.000   0.5255   0.8588
0.000   0.4824   0.7843
0.000   0.4392   0.7137
0.000   0.3922   0.6431
0.000   0.3490   0.5725
0.000   0.3059   0.5020
0.000   0.2275   0.5020
0.000   0.2588   0.5725
0.000   0.2902   0.6431
0.000   0.3216   0.7137
0.000   0.3529   0.7843
0.000   0.3882   0.8588
0.000   0.4196   0.9294
0.000   0.4510   1.000
0.000   0.2902   1.000
0.000   0.2706   0.9294
0.000   0.2471   0.8588
0.000   0.2275   0.7843
0.000   0.2078   0.7137
0.000   0.1882   0.6431
0.000   0.1647   0.5725
0.000   0.1451   0.5020
0.000   0.06275   0.5020
0.000   0.07451   0.5725
0.000   0.08235   0.6431
0.000   0.09412   0.7137
0.000   0.1020   0.7843
0.000   0.1098   0.8588
0.000   0.1216   0.9294
0.000   0.1294   1.000
0.03137   0.000   1.000
0.03137   0.000   0.9294
0.02745   0.000   0.8588
0.02353   0.000   0.7843
0.02353   0.000   0.7137
0.01961   0.000   0.6431
0.01961   0.000   0.5725
0.01569   0.000   0.5020
0.09804   0.000   0.5020
0.1098   0.000   0.5725
0.1255   0.000   0.6431
0.1373   0.000   0.7137
0.1529   0.000   0.7843
0.1647   0.000   0.8588
0.1804   0.000   0.9294
0.1922   0.000   1.000
0.3529   0.000   1.000
0.3294   0.000   0.9294
0.3059   0.000   0.8588
0.2784   0.000   0.7843
0.2549   0.000   0.7137
0.2275   0.000   0.6431
0.2039   0.000   0.5725
0.1765   0.000   0.5020
0.2588   0.000   0.5020
0.2941   0.000   0.5725
0.3333   0.000   0.6431
0.3686   0.000   0.7137
0.4039   0.000   0.7843
0.4431   0.000   0.8588
0.4784   0.000   0.9294
0.5176   0.000   1.000
0.6784   0.000   1.000
0.6275   0.000   0.9294
0.5804   0.000   0.8588
0.5333   0.000   0.7843
0.4824   0.000   0.7137
0.4353   0.000   0.6431
0.3882   0.000   0.5725
0.3373   0.000   0.5020
0.4196   0.000   0.5020
0.4784   0.000   0.5725
0.5373   0.000   0.6431
0.6000   0.000   0.7137
0.6588   0.000   0.7843
0.7176   0.000   0.8588
0.7804   0.000   0.9294
0.8392   0.000   1.000
1.000   0.000   1.000
0.9294   0.000   0.9294
0.8588   0.000   0.8588
0.7843   0.000   0.7843
0.7137   0.000   0.7137
0.6431   0.000   0.6431
0.5725   0.000   0.5725
0.5020   0.000   0.5020
1.0   1.0   1.0
1.0   1.0   1.0
1.0   1.0   1.0
