0  0   1  575  275  310.831  300  275  0  11
1  1   1  574.831  284.651  310.831  300  275  0  11
2  2   1  574.323  294.29  310.831  300  275  0  11
3  3   1  573.477  303.905  310.831  300  275  0  11
4  4   1  572.294  313.485  310.831  300  275  0  11
5  5   1  570.775  323.017  310.831  300  275  0  11
6  6   1  568.924  332.49  310.831  300  275  0  11
7  7   1  566.74  341.893  310.831  300  275  0  11
8  8   1  564.228  351.213  310.831  300  275  0  11
9  9   1  561.391  360.439  310.831  300  275  0  11
10  10   1  558.232  369.559  310.831  300  275  0  11
11  11   1  554.754  378.564  310.831  300  275  0  11
12  12   1  550.963  387.44  310.831  300  275  0  11
13  13   1  546.862  396.178  310.831  300  275  0  11
14  14   1  542.457  404.767  310.831  300  275  0  11
15  15   1  537.754  413.196  310.831  300  275  0  11
16  16   1  532.757  421.455  310.831  300  275  0  11
17  17   1  527.474  429.533  310.831  300  275  0  11
18  18   1  521.911  437.421  310.831  300  275  0  11
19  19   1  516.074  445.109  310.831  300  275  0  11
20  20   1  509.971  452.587  310.831  300  275  0  11
21  21   1  503.61  459.846  310.831  300  275  0  11
22  22   1  496.997  466.878  310.831  300  275  0  11
23  23   1  490.142  473.673  310.831  300  275  0  11
24  24   1  483.052  480.224  310.831  300  275  0  11
25  25   1  475.737  486.521  310.831  300  275  0  11
26  26   1  468.206  492.559  310.831  300  275  0  11
27  27   1  460.467  498.328  310.831  300  275  0  11
28  28   1  452.531  503.822  310.831  300  275  0  11
29  29   1  444.407  509.034  310.831  300  275  0  11
30  30   1  436.104  513.957  310.831  300  275  0  11
31  31   1  427.634  518.587  310.831  300  275  0  11
32  32   1  419.007  522.916  310.831  300  275  0  11
33  33   1  410.234  526.94  310.831  300  275  0  11
34  34   1  401.324  530.653  310.831  300  275  0  11
35  35   1  392.29  534.051  310.831  300  275  0  11
36  36   1  383.141  537.131  310.831  300  275  0  11
37  37   1  373.891  539.887  310.831  300  275  0  11
38  38   1  364.549  542.317  310.831  300  275  0  11
39  39   1  355.128  544.418  310.831  300  275  0  11
40  40   1  345.639  546.186  310.831  300  275  0  11
41  41   1  336.094  547.621  310.831  300  275  0  11
42  42   1  326.504  548.72  310.831  300  275  0  11
43  43   1  316.882  549.481  310.831  300  275  0  11
44  44   1  307.239  549.905  310.831  300  275  0  11
45  45   1  297.587  549.989  310.831  300  275  0  11
46  46   1  287.938  549.735  310.831  300  275  0  11
47  47   1  278.303  549.143  310.831  300  275  0  11
48  48   1  268.696  548.212  310.831  300  275  0  11
49  49   1  259.127  546.946  310.831  300  275  0  11
50  50   1  249.608  545.344  310.831  300  275  0  11
51  51   1  240.152  543.409  310.831  300  275  0  11
52  52   1  230.769  541.143  310.831  300  275  0  11
53  53   1  221.472  538.549  310.831  300  275  0  11
54  54   1  212.271  535.631  310.831  300  275  0  11
55  55   1  203.178  532.392  310.831  300  275  0  11
56  56   1  194.205  528.835  310.831  300  275  0  11
57  57   1  185.362  524.966  310.831  300  275  0  11
58  58   1  176.66  520.789  310.831  300  275  0  11
59  59   1  168.11  516.309  310.831  300  275  0  11
60  60   1  159.723  511.532  310.831  300  275  0  11
61  61   1  151.508  506.463  310.831  300  275  0  11
62  62   1  143.477  501.109  310.831  300  275  0  11
63  63   1  135.638  495.477  310.831  300  275  0  11
64  64   1  128.002  489.573  310.831  300  275  0  11
65  65   1  120.577  483.405  310.831  300  275  0  11
66  66   1  113.374  476.98  310.831  300  275  0  11
67  67   1  106.401  470.306  310.831  300  275  0  11
68  68   1  99.6658  463.391  310.831  300  275  0  11
69  69   1  93.1778  456.244  310.831  300  275  0  11
70  70   1  86.9445  448.875  310.831  300  275  0  11
71  71   1  80.9737  441.29  310.831  300  275  0  11
72  72   1  75.2728  433.501  310.831  300  275  0  11
73  73   1  69.8487  425.517  310.831  300  275  0  11
74  74   1  64.7082  417.347  310.831  300  275  0  11
75  75   1  59.8575  409.002  310.831  300  275  0  11
76  76   1  55.3027  400.492  310.831  300  275  0  11
77  77   1  51.0494  391.827  310.831  300  275  0  11
78  78   1  47.1028  383.018  310.831  300  275  0  11
79  79   1  43.4677  374.077  310.831  300  275  0  11
80  80   1  40.1487  365.013  310.831  300  275  0  11
81  81   1  37.1498  355.838  310.831  300  275  0  11
82  82   1  34.4748  346.564  310.831  300  275  0  11
83  83   1  32.1269  337.201  310.831  300  275  0  11
84  84   1  30.109  327.762  310.831  300  275  0  11
85  85   1  28.4236  318.258  310.831  300  275  0  11
86  86   1  27.0727  308.7  310.831  300  275  0  11
87  87   1  26.0582  299.101  310.831  300  275  0  11
88  88   1  25.3811  289.473  310.831  300  275  0  11
89  89   1  25.0424  279.826  310.831  300  275  0  11
90  90   1  25.0424  270.174  310.831  300  275  0  11
91  91   1  25.3811  260.527  310.831  300  275  0  11
92  92   1  26.0582  250.899  310.831  300  275  0  11
93  93   1  27.0727  241.3  310.831  300  275  0  11
94  94   1  28.4236  231.742  310.831  300  275  0  11
95  95   1  30.109  222.238  310.831  300  275  0  11
96  96   1  32.1269  212.799  310.831  300  275  0  11
97  97   1  34.4748  203.436  310.831  300  275  0  11
98  98   1  37.1498  194.162  310.831  300  275  0  11
99  99   1  40.1487  184.987  310.831  300  275  0  11
100  100   1  43.4677  175.923  310.831  300  275  0  11
101  101   1  47.1028  166.982  310.831  300  275  0  11
102  102   1  51.0494  158.173  310.831  300  275  0  11
103  103   1  55.3027  149.508  310.831  300  275  0  11
104  104   1  59.8575  140.998  310.831  300  275  0  11
105  105   1  64.7082  132.653  310.831  300  275  0  11
106  106   1  69.8487  124.483  310.831  300  275  0  11
107  107   1  75.2728  116.499  310.831  300  275  0  11
108  108   1  80.9737  108.71  310.831  300  275  0  11
109  109   1  86.9445  101.125  310.831  300  275  0  11
110  110   1  93.1778  93.7555  310.831  300  275  0  11
111  111   1  99.6658  86.6089  310.831  300  275  0  11
112  112   1  106.401  79.6943  310.831  300  275  0  11
113  113   1  113.374  73.0204  310.831  300  275  0  11
114  114   1  120.577  66.5953  310.831  300  275  0  11
115  115   1  128.002  60.4269  310.831  300  275  0  11
116  116   1  135.638  54.5229  310.831  300  275  0  11
117  117   1  143.477  48.8905  310.831  300  275  0  11
118  118   1  151.508  43.5367  310.831  300  275  0  11
119  119   1  159.723  38.4681  310.831  300  275  0  11
120  120   1  168.11  33.6909  310.831  300  275  0  11
121  121   1  176.66  29.2109  310.831  300  275  0  11
122  122   1  185.362  25.0338  310.831  300  275  0  11
123  123   1  194.205  21.1646  310.831  300  275  0  11
124  124   1  203.178  17.6082  310.831  300  275  0  11
125  125   1  212.271  14.3688  310.831  300  275  0  11
126  126   1  221.472  11.4506  310.831  300  275  0  11
127  127   1  230.769  8.85701  310.831  300  275  0  11
128  128   1  240.152  6.59134  310.831  300  275  0  11
129  129   1  249.608  4.65635  310.831  300  275  0  11
130  130   1  259.127  3.05442  310.831  300  275  0  11
131  131   1  268.696  1.78752  310.831  300  275  0  11
132  132   1  278.303  0.857227  310.831  300  275  0  11
133  133   1  287.938  0.264671  310.831  300  275  0  11
134  134   1  297.587  0.0105885  310.831  300  275  0  11
135  135   1  307.239  0.0952914  310.831  300  275  0  11
136  136   1  316.882  0.518676  310.831  300  275  0  11
137  137   1  326.504  1.28022  310.831  300  275  0  11
138  138   1  336.094  2.37899  310.831  300  275  0  11
139  139   1  345.639  3.81362  310.831  300  275  0  11
140  140   1  355.128  5.58235  310.831  300  275  0  11
141  141   1  364.549  7.68301  310.831  300  275  0  11
142  142   1  373.891  10.113  310.831  300  275  0  11
143  143   1  383.141  12.8693  310.831  300  275  0  11
144  144   1  392.29  15.9486  310.831  300  275  0  11
145  145   1  401.324  19.347  310.831  300  275  0  11
146  146   1  410.234  23.0604  310.831  300  275  0  11
147  147   1  419.007  27.0842  310.831  300  275  0  11
148  148   1  427.634  31.4134  310.831  300  275  0  11
149  149   1  436.104  36.0427  310.831  300  275  0  11
150  150   1  444.407  40.9664  310.831  300  275  0  11
151  151   1  452.531  46.1784  310.831  300  275  0  11
152  152   1  460.467  51.6723  310.831  300  275  0  11
153  153   1  468.206  57.4414  310.831  300  275  0  11
154  154   1  475.737  63.4785  310.831  300  275  0  11
155  155   1  483.052  69.7762  310.831  300  275  0  11
156  156   1  490.142  76.3267  310.831  300  275  0  11
157  157   1  496.997  83.122  310.831  300  275  0  11
158  158   1  503.61  90.1537  310.831  300  275  0  11
159  159   1  509.971  97.4131  310.831  300  275  0  11
160  160   1  516.074  104.891  310.831  300  275  0  11
161  161   1  521.911  112.579  310.831  300  275  0  11
162  162   1  527.474  120.467  310.831  300  275  0  11
163  163   1  532.757  128.545  310.831  300  275  0  11
164  164   1  537.754  136.804  310.831  300  275  0  11
165  165   1  542.457  145.233  310.831  300  275  0  11
166  166   1  546.862  153.822  310.831  300  275  0  11
167  167   1  550.963  162.56  310.831  300  275  0  11
168  168   1  554.754  171.436  310.831  300  275  0  11
169  169   1  558.232  180.441  310.831  300  275  0  11
170  170   1  561.391  189.561  310.831  300  275  0  11
171  171   1  564.228  198.787  310.831  300  275  0  11
172  172   1  566.74  208.107  310.831  300  275  0  11
173  173   1  568.924  217.51  310.831  300  275  0  11
174  174   1  570.775  226.983  310.831  300  275  0  11
175  175   1  572.294  236.515  310.831  300  275  0  11
176  176   1  573.477  246.095  310.831  300  275  0  11
177  177   1  574.323  255.71  310.831  300  275  0  11
178  178   1  574.831  265.349  310.831  300  275  0  11
179  179   1  575  275  310.831  300  275  0  11
