0  0  575  275  310.831  0  0  -0
1  1  574.831  284.651  310.831  0  0  -2.01117
2  2  574.323  294.29  310.831  0  0  -4.02235
3  3  573.477  303.905  310.831  0  0  -6.03352
4  4  572.294  313.485  310.831  0  0  -8.04469
5  5  570.775  323.017  310.831  0  0  -10.0559
6  6  568.924  332.49  310.831  0  0  -12.067
7  7  566.74  341.893  310.831  0  0  -14.0782
8  8  564.228  351.213  310.831  0  0  -16.0894
9  9  561.391  360.439  310.831  0  0  -18.1006
10  10  558.232  369.559  310.831  0  0  -20.1117
11  11  554.754  378.564  310.831  0  0  -22.1229
12  12  550.963  387.44  310.831  0  0  -24.1341
13  13  546.862  396.178  310.831  0  0  -26.1453
14  14  542.457  404.767  310.831  0  0  -28.1564
15  15  537.754  413.196  310.831  0  0  -30.1676
16  16  532.757  421.455  310.831  0  0  -32.1788
17  17  527.474  429.533  310.831  0  0  -34.1899
18  18  521.911  437.421  310.831  0  0  -36.2011
19  19  516.074  445.109  310.831  0  0  -38.2123
20  20  509.971  452.587  310.831  0  0  -40.2235
21  21  503.61  459.846  310.831  0  0  -42.2346
22  22  496.997  466.878  310.831  0  0  -44.2458
23  23  490.142  473.673  310.831  0  0  -46.257
24  24  483.052  480.224  310.831  0  0  -48.2682
25  25  475.737  486.521  310.831  0  0  -50.2793
26  26  468.206  492.559  310.831  0  0  -52.2905
27  27  460.467  498.328  310.831  0  0  -54.3017
28  28  452.531  503.822  310.831  0  0  -56.3128
29  29  444.407  509.034  310.831  0  0  -58.324
30  30  436.104  513.957  310.831  0  0  -60.3352
31  31  427.634  518.587  310.831  0  0  -62.3464
32  32  419.007  522.916  310.831  0  0  -64.3575
33  33  410.234  526.94  310.831  0  0  -66.3687
34  34  401.324  530.653  310.831  0  0  -68.3799
35  35  392.29  534.051  310.831  0  0  -70.3911
36  36  383.141  537.131  310.831  0  0  -72.4022
37  37  373.891  539.887  310.831  0  0  -74.4134
38  38  364.549  542.317  310.831  0  0  -76.4246
39  39  355.128  544.418  310.831  0  0  -78.4358
40  40  345.639  546.186  310.831  0  0  -80.4469
41  41  336.094  547.621  310.831  0  0  -82.4581
42  42  326.504  548.72  310.831  0  0  -84.4693
43  43  316.882  549.481  310.831  0  0  -86.4804
44  44  307.239  549.905  310.831  0  0  -88.4916
45  45  297.587  549.989  310.831  0  0  -90.5028
46  46  287.938  549.735  310.831  0  0  -92.514
47  47  278.303  549.143  310.831  0  0  -94.5251
48  48  268.696  548.212  310.831  0  0  -96.5363
49  49  259.127  546.946  310.831  0  0  -98.5475
50  50  249.608  545.344  310.831  0  0  -100.559
51  51  240.152  543.409  310.831  0  0  -102.57
52  52  230.769  541.143  310.831  0  0  -104.581
53  53  221.472  538.549  310.831  0  0  -106.592
54  54  212.271  535.631  310.831  0  0  -108.603
55  55  203.178  532.392  310.831  0  0  -110.615
56  56  194.205  528.835  310.831  0  0  -112.626
57  57  185.362  524.966  310.831  0  0  -114.637
58  58  176.66  520.789  310.831  0  0  -116.648
59  59  168.11  516.309  310.831  0  0  -118.659
60  60  159.723  511.532  310.831  0  0  -120.67
61  61  151.508  506.463  310.831  0  0  -122.682
62  62  143.477  501.109  310.831  0  0  -124.693
63  63  135.638  495.477  310.831  0  0  -126.704
64  64  128.002  489.573  310.831  0  0  -128.715
65  65  120.577  483.405  310.831  0  0  -130.726
66  66  113.374  476.98  310.831  0  0  -132.737
67  67  106.401  470.306  310.831  0  0  -134.749
68  68  99.6658  463.391  310.831  0  0  -136.76
69  69  93.1778  456.244  310.831  0  0  -138.771
70  70  86.9445  448.875  310.831  0  0  -140.782
71  71  80.9737  441.29  310.831  0  0  -142.793
72  72  75.2728  433.501  310.831  0  0  -144.804
73  73  69.8487  425.517  310.831  0  0  -146.816
74  74  64.7082  417.347  310.831  0  0  -148.827
75  75  59.8575  409.002  310.831  0  0  -150.838
76  76  55.3027  400.492  310.831  0  0  -152.849
77  77  51.0494  391.827  310.831  0  0  -154.86
78  78  47.1028  383.018  310.831  0  0  -156.872
79  79  43.4677  374.077  310.831  0  0  -158.883
80  80  40.1487  365.013  310.831  0  0  -160.894
81  81  37.1498  355.838  310.831  0  0  -162.905
82  82  34.4748  346.564  310.831  0  0  -164.916
83  83  32.1269  337.201  310.831  0  0  -166.927
84  84  30.109  327.762  310.831  0  0  -168.939
85  85  28.4236  318.258  310.831  0  0  -170.95
86  86  27.0727  308.7  310.831  0  0  -172.961
87  87  26.0582  299.101  310.831  0  0  -174.972
88  88  25.3811  289.473  310.831  0  0  -176.983
89  89  25.0424  279.826  310.831  0  0  -178.994
90  90  25.0424  270.174  310.831  0  0  -181.006
91  91  25.3811  260.527  310.831  0  0  -183.017
92  92  26.0582  250.899  310.831  0  0  -185.028
93  93  27.0727  241.3  310.831  0  0  -187.039
94  94  28.4236  231.742  310.831  0  0  -189.05
95  95  30.109  222.238  310.831  0  0  -191.061
96  96  32.1269  212.799  310.831  0  0  -193.073
97  97  34.4748  203.436  310.831  0  0  -195.084
98  98  37.1498  194.162  310.831  0  0  -197.095
99  99  40.1487  184.987  310.831  0  0  -199.106
100  100  43.4677  175.923  310.831  0  0  -201.117
101  101  47.1028  166.982  310.831  0  0  -203.128
102  102  51.0494  158.173  310.831  0  0  -205.14
103  103  55.3027  149.508  310.831  0  0  -207.151
104  104  59.8575  140.998  310.831  0  0  -209.162
105  105  64.7082  132.653  310.831  0  0  -211.173
106  106  69.8487  124.483  310.831  0  0  -213.184
107  107  75.2728  116.499  310.831  0  0  -215.196
108  108  80.9737  108.71  310.831  0  0  -217.207
109  109  86.9445  101.125  310.831  0  0  -219.218
110  110  93.1778  93.7555  310.831  0  0  -221.229
111  111  99.6658  86.6089  310.831  0  0  -223.24
112  112  106.401  79.6943  310.831  0  0  -225.251
113  113  113.374  73.0204  310.831  0  0  -227.263
114  114  120.577  66.5953  310.831  0  0  -229.274
115  115  128.002  60.4269  310.831  0  0  -231.285
116  116  135.638  54.5229  310.831  0  0  -233.296
117  117  143.477  48.8905  310.831  0  0  -235.307
118  118  151.508  43.5367  310.831  0  0  -237.318
119  119  159.723  38.4681  310.831  0  0  -239.33
120  120  168.11  33.6909  310.831  0  0  -241.341
121  121  176.66  29.2109  310.831  0  0  -243.352
122  122  185.362  25.0338  310.831  0  0  -245.363
123  123  194.205  21.1646  310.831  0  0  -247.374
124  124  203.178  17.6082  310.831  0  0  -249.385
125  125  212.271  14.3688  310.831  0  0  -251.397
126  126  221.472  11.4506  310.831  0  0  -253.408
127  127  230.769  8.85701  310.831  0  0  -255.419
128  128  240.152  6.59134  310.831  0  0  -257.43
129  129  249.608  4.65635  310.831  0  0  -259.441
130  130  259.127  3.05442  310.831  0  0  -261.453
131  131  268.696  1.78752  310.831  0  0  -263.464
132  132  278.303  0.857227  310.831  0  0  -265.475
133  133  287.938  0.264671  310.831  0  0  -267.486
134  134  297.587  0.0105885  310.831  0  0  -269.497
135  135  307.239  0.0952914  310.831  0  0  -271.508
136  136  316.882  0.518676  310.831  0  0  -273.52
137  137  326.504  1.28022  310.831  0  0  -275.531
138  138  336.094  2.37899  310.831  0  0  -277.542
139  139  345.639  3.81362  310.831  0  0  -279.553
140  140  355.128  5.58235  310.831  0  0  -281.564
141  141  364.549  7.68301  310.831  0  0  -283.575
142  142  373.891  10.113  310.831  0  0  -285.587
143  143  383.141  12.8693  310.831  0  0  -287.598
144  144  392.29  15.9486  310.831  0  0  -289.609
145  145  401.324  19.347  310.831  0  0  -291.62
146  146  410.234  23.0604  310.831  0  0  -293.631
147  147  419.007  27.0842  310.831  0  0  -295.642
148  148  427.634  31.4134  310.831  0  0  -297.654
149  149  436.104  36.0427  310.831  0  0  -299.665
150  150  444.407  40.9664  310.831  0  0  -301.676
151  151  452.531  46.1784  310.831  0  0  -303.687
152  152  460.467  51.6723  310.831  0  0  -305.698
153  153  468.206  57.4414  310.831  0  0  -307.709
154  154  475.737  63.4785  310.831  0  0  -309.721
155  155  483.052  69.7762  310.831  0  0  -311.732
156  156  490.142  76.3267  310.831  0  0  -313.743
157  157  496.997  83.122  310.831  0  0  -315.754
158  158  503.61  90.1537  310.831  0  0  -317.765
159  159  509.971  97.4131  310.831  0  0  -319.777
160  160  516.074  104.891  310.831  0  0  -321.788
161  161  521.911  112.579  310.831  0  0  -323.799
162  162  527.474  120.467  310.831  0  0  -325.81
163  163  532.757  128.545  310.831  0  0  -327.821
164  164  537.754  136.804  310.831  0  0  -329.832
165  165  542.457  145.233  310.831  0  0  -331.844
166  166  546.862  153.822  310.831  0  0  -333.855
167  167  550.963  162.56  310.831  0  0  -335.866
168  168  554.754  171.436  310.831  0  0  -337.877
169  169  558.232  180.441  310.831  0  0  -339.888
170  170  561.391  189.561  310.831  0  0  -341.899
171  171  564.228  198.787  310.831  0  0  -343.911
172  172  566.74  208.107  310.831  0  0  -345.922
173  173  568.924  217.51  310.831  0  0  -347.933
174  174  570.775  226.983  310.831  0  0  -349.944
175  175  572.294  236.515  310.831  0  0  -351.955
176  176  573.477  246.095  310.831  0  0  -353.966
177  177  574.323  255.71  310.831  0  0  -355.978
178  178  574.831  265.349  310.831  0  0  -357.989
179  179  575  275  310.831  0  0  -360
